# T/s , fs/MHz , fp/MHz
2.873309936523437500e+02,5.858546257019042969e+00,5.936189651489257812e+00
2.878909912109375000e+02,5.858656406402587891e+00,5.936120510101318359e+00
2.884509887695312500e+02,5.858620643615722656e+00,5.936265468597412109e+00
2.890109863281250000e+02,5.858603954315185547e+00,5.936187267303466797e+00
2.895660095214843750e+02,5.858521461486816406e+00,5.936140537261962891e+00
2.901210021972656250e+02,5.858526229858398438e+00,5.936246395111083984e+00
2.906809997558593750e+02,5.858633518218994141e+00,5.936153411865234375e+00
2.912409973144531250e+02,5.858535766601562500e+00,5.936227798461914062e+00
2.918009948730468750e+02,5.858642101287841797e+00,5.936136722564697266e+00
2.923609924316406250e+02,5.858502388000488281e+00,5.936307907104492188e+00
2.929209899902343750e+02,5.858577251434326172e+00,5.936131954193115234e+00
2.934809875488281250e+02,5.858510971069335938e+00,5.936113357543945312e+00
2.940409851074218750e+02,5.858526229858398438e+00,5.936059951782226562e+00
2.946010131835937500e+02,5.858578205108642578e+00,5.936139106750488281e+00
2.951610107421875000e+02,5.858408451080322266e+00,5.936165332794189453e+00
2.957210083007812500e+02,5.858660697937011719e+00,5.936046123504638672e+00
2.962810058593750000e+02,5.858510971069335938e+00,5.936148643493652344e+00
2.968410034179687500e+02,5.858493328094482422e+00,5.936203002929687500e+00
2.974010009765625000e+02,5.858577251434326172e+00,5.936194419860839844e+00
2.979609985351562500e+02,5.858495235443115234e+00,5.936212062835693359e+00
2.985209960937500000e+02,5.858547687530517578e+00,5.936165332794189453e+00
2.990809936523437500e+02,5.858629226684570312e+00,5.936030864715576172e+00
2.996409912109375000e+02,5.858534812927246094e+00,5.936239719390869141e+00
3.002009887695312500e+02,5.858509540557861328e+00,5.936185359954833984e+00
3.007609863281250000e+02,5.858579158782958984e+00,5.936078071594238281e+00
3.013210144042968750e+02,5.858568668365478516e+00,5.936067104339599609e+00
3.018810119628906250e+02,5.858587265014648438e+00,5.936204433441162109e+00
3.024410095214843750e+02,5.858551025390625000e+00,5.936075687408447266e+00
3.030010070800781250e+02,5.858685493469238281e+00,5.936110973358154297e+00
3.035610046386718750e+02,5.858758926391601562e+00,5.936115741729736328e+00
3.041210021972656250e+02,5.858630180358886719e+00,5.936212539672851562e+00
3.046809997558593750e+02,5.858576774597167969e+00,5.936224460601806641e+00
3.052409973144531250e+02,5.858470439910888672e+00,5.936270236968994141e+00
3.058009948730468750e+02,5.858596801757812500e+00,5.936234951019287109e+00
3.063609924316406250e+02,5.858548641204833984e+00,5.936338901519775391e+00
3.069209899902343750e+02,5.858393669128417969e+00,5.936339855194091797e+00
3.074809875488281250e+02,5.858529567718505859e+00,5.936381340026855469e+00
3.080409851074218750e+02,5.858759880065917969e+00,5.936033248901367188e+00
3.086010131835937500e+02,5.858592033386230469e+00,5.936302185058593750e+00
3.091560058593750000e+02,5.858562469482421875e+00,5.936296463012695312e+00
3.097109985351562500e+02,5.858507156372070312e+00,5.936283111572265625e+00
3.102709960937500000e+02,5.858621597290039062e+00,5.936250209808349609e+00
3.108309936523437500e+02,5.858750343322753906e+00,5.936219215393066406e+00
3.113909912109375000e+02,5.858527660369873047e+00,5.936214923858642578e+00
3.119609985351562500e+02,5.858632564544677734e+00,5.936307907104492188e+00
3.125310058593750000e+02,5.858651638031005859e+00,5.936286926269531250e+00
3.130809936523437500e+02,5.858672618865966797e+00,5.936189651489257812e+00
3.136409912109375000e+02,5.858553409576416016e+00,5.936193466186523438e+00
3.142109985351562500e+02,5.858649253845214844e+00,5.936231613159179688e+00
3.147609863281250000e+02,5.858583927154541016e+00,5.936439990997314453e+00
3.153110046386718750e+02,5.858762264251708984e+00,5.936341285705566406e+00
3.158710021972656250e+02,5.858720779418945312e+00,5.936365604400634766e+00
3.164309997558593750e+02,5.858749389648437500e+00,5.936342239379882812e+00
3.169909973144531250e+02,5.858574390411376953e+00,5.936378955841064453e+00
3.175509948730468750e+02,5.858693599700927734e+00,5.936414241790771484e+00
3.181109924316406250e+02,5.858763694763183594e+00,5.936365604400634766e+00
3.186709899902343750e+02,5.858644008636474609e+00,5.936277389526367188e+00
3.192309875488281250e+02,5.858646392822265625e+00,5.936331272125244141e+00
3.197909851074218750e+02,5.858550071716308594e+00,5.936439990997314453e+00
3.203609924316406250e+02,5.858758926391601562e+00,5.936311721801757812e+00
3.209259948730468750e+02,5.858668804168701172e+00,5.936238288879394531e+00
3.214809875488281250e+02,5.858707904815673828e+00,5.936412811279296875e+00
3.220409851074218750e+02,5.858775615692138672e+00,5.936318874359130859e+00
3.226010131835937500e+02,5.858679771423339844e+00,5.936388015747070312e+00
3.231610107421875000e+02,5.858834266662597656e+00,5.936168670654296875e+00
3.237210083007812500e+02,5.858878135681152344e+00,5.936321258544921875e+00
3.242810058593750000e+02,5.858741283416748047e+00,5.936383724212646484e+00
3.248410034179687500e+02,5.858567237854003906e+00,5.936455726623535156e+00
3.254010009765625000e+02,5.858647823333740234e+00,5.936427116394042969e+00
3.259609985351562500e+02,5.858651161193847656e+00,5.936599731445312500e+00
3.265209960937500000e+02,5.858668804168701172e+00,5.936594009399414062e+00
3.270759887695312500e+02,5.858711719512939453e+00,5.936606407165527344e+00
3.276359863281250000e+02,5.858763694763183594e+00,5.936485290527343750e+00
3.281960144042968750e+02,5.858619689941406250e+00,5.936467647552490234e+00
3.287510070800781250e+02,5.858685493469238281e+00,5.936444759368896484e+00
3.293160095214843750e+02,5.858772754669189453e+00,5.936442852020263672e+00
3.298710021972656250e+02,5.858804702758789062e+00,5.936435699462890625e+00
3.304209899902343750e+02,5.859011650085449219e+00,5.936395168304443359e+00
3.309809875488281250e+02,5.858547687530517578e+00,5.936533451080322266e+00
3.315409851074218750e+02,5.858784675598144531e+00,5.936501502990722656e+00
3.321010131835937500e+02,5.858819007873535156e+00,5.936475276947021484e+00
3.326610107421875000e+02,5.858792781829833984e+00,5.936488628387451172e+00
3.332210083007812500e+02,5.858910083770751953e+00,5.936402320861816406e+00
3.337810058593750000e+02,5.858747005462646484e+00,5.936612606048583984e+00
3.343410034179687500e+02,5.858905315399169922e+00,5.936470031738281250e+00
3.349010009765625000e+02,5.858736515045166016e+00,5.936491012573242188e+00
3.354609985351562500e+02,5.858705520629882812e+00,5.936599731445312500e+00
3.360310058593750000e+02,5.858902931213378906e+00,5.936527252197265625e+00
3.366010131835937500e+02,5.858810424804687500e+00,5.936462402343750000e+00
3.371610107421875000e+02,5.858887195587158203e+00,5.936550140380859375e+00
3.377210083007812500e+02,5.858880043029785156e+00,5.936556816101074219e+00
3.382810058593750000e+02,5.858738899230957031e+00,5.936755180358886719e+00
3.388410034179687500e+02,5.858808517456054688e+00,5.936522006988525391e+00
3.394010009765625000e+02,5.858883857727050781e+00,5.936642169952392578e+00
3.399509887695312500e+02,5.858759880065917969e+00,5.936524868011474609e+00
3.405060119628906250e+02,5.858813285827636719e+00,5.936513423919677734e+00
3.410710144042968750e+02,5.858870029449462891e+00,5.936575889587402344e+00
3.416260070800781250e+02,5.858914852142333984e+00,5.936618328094482422e+00
3.421860046386718750e+02,5.858830451965332031e+00,5.936582088470458984e+00
3.427510070800781250e+02,5.858768463134765625e+00,5.936716556549072266e+00
3.433110046386718750e+02,5.859000682830810547e+00,5.936506271362304688e+00
3.438710021972656250e+02,5.858863830566406250e+00,5.936476707458496094e+00
3.444309997558593750e+02,5.858644008636474609e+00,5.936659812927246094e+00
3.449909973144531250e+02,5.858862400054931641e+00,5.936705589294433594e+00
3.455509948730468750e+02,5.858899116516113281e+00,5.936735153198242188e+00
3.461109924316406250e+02,5.858793258666992188e+00,5.936678886413574219e+00
3.466709899902343750e+02,5.858778953552246094e+00,5.936694145202636719e+00
3.472309875488281250e+02,5.858910083770751953e+00,5.936613559722900391e+00
3.477909851074218750e+02,5.858872413635253906e+00,5.936690807342529297e+00
3.483510131835937500e+02,5.858738422393798828e+00,5.936781406402587891e+00
3.489110107421875000e+02,5.858800411224365234e+00,5.936638832092285156e+00
3.494710083007812500e+02,5.858784675598144531e+00,5.936692714691162109e+00
3.500310058593750000e+02,5.858939170837402344e+00,5.936674118041992188e+00
3.505910034179687500e+02,5.858798980712890625e+00,5.936655998229980469e+00
3.511510009765625000e+02,5.859063625335693359e+00,5.936559200286865234e+00
3.517109985351562500e+02,5.858834266662597656e+00,5.936709403991699219e+00
3.522709960937500000e+02,5.858648777008056641e+00,5.936728477478027344e+00
3.528309936523437500e+02,5.858942031860351562e+00,5.936715602874755859e+00
3.533909912109375000e+02,5.858972072601318359e+00,5.936655044555664062e+00
3.539509887695312500e+02,5.858833312988281250e+00,5.936636447906494141e+00
3.545159912109375000e+02,5.858839988708496094e+00,5.936825275421142578e+00
3.550759887695312500e+02,5.858963012695312500e+00,5.936643123626708984e+00
3.556310119628906250e+02,5.858831882476806641e+00,5.936629295349121094e+00
3.561910095214843750e+02,5.858854293823242188e+00,5.936683177947998047e+00
3.567510070800781250e+02,5.858910083770751953e+00,5.936757564544677734e+00
3.573160095214843750e+02,5.858939170837402344e+00,5.936686992645263672e+00
3.578810119628906250e+02,5.858752727508544922e+00,5.936658859252929688e+00
3.584410095214843750e+02,5.858839988708496094e+00,5.936689376831054688e+00
3.590010070800781250e+02,5.858915805816650391e+00,5.936671733856201172e+00
3.595610046386718750e+02,5.858840465545654297e+00,5.936696052551269531e+00
3.601210021972656250e+02,5.858847618103027344e+00,5.936744689941406250e+00
3.606809997558593750e+02,5.858936786651611328e+00,5.936637401580810547e+00
3.612409973144531250e+02,5.858827114105224609e+00,5.936715602874755859e+00
3.618009948730468750e+02,5.858947277069091797e+00,5.936644077301025391e+00
3.623609924316406250e+02,5.859058856964111328e+00,5.936683654785156250e+00
3.629209899902343750e+02,5.859003067016601562e+00,5.936683177947998047e+00
3.634809875488281250e+02,5.858947277069091797e+00,5.936678886413574219e+00
3.640409851074218750e+02,5.858890056610107422e+00,5.936852455139160156e+00
3.646010131835937500e+02,5.858981609344482422e+00,5.936755180358886719e+00
3.651610107421875000e+02,5.859066963195800781e+00,5.936701297760009766e+00
3.657210083007812500e+02,5.858948707580566406e+00,5.936644554138183594e+00
3.662810058593750000e+02,5.858952045440673828e+00,5.936790943145751953e+00
3.668309936523437500e+02,5.858967781066894531e+00,5.936754226684570312e+00
3.673909912109375000e+02,5.858887672424316406e+00,5.936882972717285156e+00
3.679609985351562500e+02,5.858959197998046875e+00,5.936675071716308594e+00
3.685209960937500000e+02,5.859028816223144531e+00,5.936756610870361328e+00
3.690809936523437500e+02,5.858950138092041016e+00,5.936644554138183594e+00
3.696409912109375000e+02,5.858826160430908203e+00,5.936805248260498047e+00
3.702009887695312500e+02,5.858867168426513672e+00,5.936748027801513672e+00
3.707609863281250000e+02,5.858808040618896484e+00,5.936796665191650391e+00
3.713160095214843750e+02,5.858929634094238281e+00,5.936629295349121094e+00
3.718710021972656250e+02,5.858946323394775391e+00,5.936678409576416016e+00
3.724309997558593750e+02,5.858751773834228516e+00,5.936926364898681641e+00
3.729909973144531250e+02,5.859046459197998047e+00,5.936678409576416016e+00
3.735509948730468750e+02,5.858836650848388672e+00,5.936734199523925781e+00
3.741109924316406250e+02,5.858728408813476562e+00,5.936847209930419922e+00
3.746709899902343750e+02,5.858992576599121094e+00,5.936683654785156250e+00
3.752309875488281250e+02,5.858883857727050781e+00,5.936718463897705078e+00
3.757909851074218750e+02,5.858990192413330078e+00,5.936829566955566406e+00
3.763510131835937500e+02,5.858747005462646484e+00,5.936739921569824219e+00
3.769110107421875000e+02,5.858907699584960938e+00,5.936770439147949219e+00
3.774710083007812500e+02,5.858828544616699219e+00,5.936701297760009766e+00
3.780310058593750000e+02,5.858952522277832031e+00,5.936679840087890625e+00
3.785910034179687500e+02,5.858964443206787109e+00,5.936796665191650391e+00
3.791409912109375000e+02,5.858857631683349609e+00,5.936791896820068359e+00
3.797009887695312500e+02,5.858831882476806641e+00,5.936723232269287109e+00
3.802609863281250000e+02,5.858887195587158203e+00,5.936782360076904297e+00
3.808110046386718750e+02,5.858777523040771484e+00,5.936871051788330078e+00
3.813810119628906250e+02,5.858993530273437500e+00,5.936693668365478516e+00
3.819509887695312500e+02,5.858907222747802734e+00,5.936684608459472656e+00
3.825010070800781250e+02,5.858914852142333984e+00,5.936702251434326172e+00
3.830509948730468750e+02,5.859077453613281250e+00,5.936611175537109375e+00
3.836109924316406250e+02,5.858808517456054688e+00,5.936931133270263672e+00
3.841709899902343750e+02,5.858924865722656250e+00,5.936748504638671875e+00
3.847309875488281250e+02,5.858770847320556641e+00,5.936659812927246094e+00
3.852909851074218750e+02,5.858966350555419922e+00,5.936665534973144531e+00
3.858510131835937500e+02,5.858838081359863281e+00,5.936696529388427734e+00
3.864110107421875000e+02,5.858890056610107422e+00,5.936686038970947266e+00
3.869809875488281250e+02,5.858856678009033203e+00,5.936780452728271484e+00
3.875509948730468750e+02,5.858764648437500000e+00,5.936815261840820312e+00
3.881109924316406250e+02,5.858991622924804688e+00,5.936666011810302734e+00
3.886709899902343750e+02,5.858736038208007812e+00,5.936871051788330078e+00
3.892309875488281250e+02,5.858810901641845703e+00,5.936799049377441406e+00
3.897909851074218750e+02,5.859018802642822266e+00,5.936666965484619141e+00
3.903410034179687500e+02,5.858979701995849609e+00,5.936584472656250000e+00
3.908959960937500000e+02,5.859075069427490234e+00,5.936677455902099609e+00
3.914609985351562500e+02,5.858826160430908203e+00,5.936773300170898438e+00
3.920209960937500000e+02,5.858968734741210938e+00,5.936586380004882812e+00
3.925809936523437500e+02,5.858888626098632812e+00,5.936713218688964844e+00
3.931409912109375000e+02,5.858874320983886719e+00,5.936761379241943359e+00
3.937009887695312500e+02,5.858919143676757812e+00,5.936760425567626953e+00
3.942609863281250000e+02,5.858930110931396484e+00,5.936795711517333984e+00
3.948210144042968750e+02,5.858914375305175781e+00,5.936723232269287109e+00
3.953810119628906250e+02,5.858852863311767578e+00,5.936724662780761719e+00
3.959410095214843750e+02,5.858880043029785156e+00,5.936807155609130859e+00
3.965010070800781250e+02,5.858929634094238281e+00,5.936675071716308594e+00
3.970610046386718750e+02,5.858854293823242188e+00,5.936827182769775391e+00
3.976210021972656250e+02,5.858931064605712891e+00,5.936738967895507812e+00
3.981809997558593750e+02,5.858883857727050781e+00,5.936603069305419922e+00
3.987409973144531250e+02,5.859019756317138672e+00,5.936517238616943359e+00
3.993009948730468750e+02,5.858934402465820312e+00,5.936785221099853516e+00
3.998609924316406250e+02,5.858934402465820312e+00,5.936659812927246094e+00
4.004209899902343750e+02,5.858799934387207031e+00,5.936772823333740234e+00
4.009809875488281250e+02,5.858963012695312500e+00,5.936745643615722656e+00
4.015409851074218750e+02,5.858972549438476562e+00,5.936512470245361328e+00
4.021010131835937500e+02,5.858931064605712891e+00,5.936514854431152344e+00
4.026610107421875000e+02,5.858790397644042969e+00,5.936620712280273438e+00
4.032210083007812500e+02,5.858810901641845703e+00,5.936679840087890625e+00
4.037810058593750000e+02,5.858804702758789062e+00,5.936615943908691406e+00
4.043410034179687500e+02,5.858981609344482422e+00,5.936580657958984375e+00
4.049010009765625000e+02,5.858887195587158203e+00,5.936770439147949219e+00
4.054609985351562500e+02,5.858816623687744141e+00,5.936651229858398438e+00
4.060209960937500000e+02,5.858760833740234375e+00,5.936622142791748047e+00
4.065809936523437500e+02,5.858851909637451172e+00,5.936612606048583984e+00
4.071409912109375000e+02,5.858845233917236328e+00,5.936358451843261719e+00
4.077009887695312500e+02,5.858923912048339844e+00,5.936656475067138672e+00
4.082609863281250000e+02,5.858821392059326172e+00,5.936707973480224609e+00
4.088210144042968750e+02,5.858862400054931641e+00,5.936532497406005859e+00
4.093810119628906250e+02,5.858803272247314453e+00,5.936710357666015625e+00
4.099360046386718750e+02,5.858896732330322266e+00,5.936671733856201172e+00
4.104909973144531250e+02,5.858807086944580078e+00,5.936486244201660156e+00
4.110509948730468750e+02,5.858934402465820312e+00,5.936657428741455078e+00
4.116109924316406250e+02,5.858887672424316406e+00,5.936627864837646484e+00
4.121709899902343750e+02,5.858941555023193359e+00,5.936672687530517578e+00
4.127309875488281250e+02,5.859032630920410156e+00,5.936402320861816406e+00
4.132909851074218750e+02,5.858803272247314453e+00,5.936593532562255859e+00
4.138510131835937500e+02,5.858910083770751953e+00,5.936587810516357422e+00
4.144110107421875000e+02,5.858894348144531250e+00,5.936627864837646484e+00
4.149710083007812500e+02,5.858776569366455078e+00,5.936647891998291016e+00
4.155310058593750000e+02,5.858893394470214844e+00,5.936491966247558594e+00
4.160910034179687500e+02,5.858819007873535156e+00,5.936447620391845703e+00
4.166510009765625000e+02,5.858691215515136719e+00,5.936547756195068359e+00
4.172109985351562500e+02,5.858916759490966797e+00,5.936449527740478516e+00
4.177709960937500000e+02,5.858906269073486328e+00,5.936432838439941406e+00
4.183309936523437500e+02,5.858631134033203125e+00,5.936562061309814453e+00
4.188909912109375000e+02,5.858847141265869141e+00,5.936474323272705078e+00
4.194509887695312500e+02,5.858950138092041016e+00,5.936548709869384766e+00
4.200109863281250000e+02,5.858813285827636719e+00,5.936344623565673828e+00
4.205710144042968750e+02,5.858829498291015625e+00,5.936469554901123047e+00
4.211210021972656250e+02,5.858843803405761719e+00,5.936423778533935547e+00
4.216709899902343750e+02,5.858860492706298828e+00,5.936464786529541016e+00
4.222409973144531250e+02,5.858749389648437500e+00,5.936491012573242188e+00
4.228110046386718750e+02,5.858811855316162109e+00,5.936399936676025391e+00
4.233609924316406250e+02,5.858857631683349609e+00,5.936397552490234375e+00
4.239110107421875000e+02,5.858707904815673828e+00,5.936328411102294922e+00
4.244710083007812500e+02,5.858711242675781250e+00,5.936555862426757812e+00
4.250310058593750000e+02,5.858854293823242188e+00,5.936317443847656250e+00
4.255910034179687500e+02,5.858810901641845703e+00,5.936419963836669922e+00
4.261510009765625000e+02,5.858574390411376953e+00,5.936412811279296875e+00
4.267109985351562500e+02,5.858850002288818359e+00,5.936378955841064453e+00
4.272709960937500000e+02,5.858808517456054688e+00,5.936434268951416016e+00
4.278410034179687500e+02,5.858729362487792969e+00,5.936447143554687500e+00
4.284110107421875000e+02,5.858755111694335938e+00,5.936672687530517578e+00
4.289609985351562500e+02,5.858718872070312500e+00,5.936447620391845703e+00
4.295109863281250000e+02,5.858736515045166016e+00,5.936372756958007812e+00
4.300710144042968750e+02,5.858681201934814453e+00,5.936508655548095703e+00
4.306310119628906250e+02,5.858737468719482422e+00,5.936343193054199219e+00
4.311910095214843750e+02,5.858687877655029297e+00,5.936435222625732422e+00
4.317510070800781250e+02,5.858654975891113281e+00,5.936390876770019531e+00
4.323110046386718750e+02,5.858743667602539062e+00,5.936324596405029297e+00
4.328710021972656250e+02,5.858829498291015625e+00,5.936321258544921875e+00
4.334309997558593750e+02,5.858565330505371094e+00,5.936306476593017578e+00
4.339909973144531250e+02,5.858495712280273438e+00,5.936488628387451172e+00
4.345509948730468750e+02,5.858681201934814453e+00,5.936372756958007812e+00
4.351109924316406250e+02,5.858429431915283203e+00,5.936517238616943359e+00
4.356709899902343750e+02,5.858609676361083984e+00,5.936373233795166016e+00
4.362309875488281250e+02,5.858527183532714844e+00,5.936217308044433594e+00
4.367909851074218750e+02,5.858657360076904297e+00,5.936400413513183594e+00
4.373460083007812500e+02,5.858518123626708984e+00,5.936204433441162109e+00
4.379010009765625000e+02,5.858522415161132812e+00,5.936291217803955078e+00
4.384609985351562500e+02,5.858527183532714844e+00,5.936361312866210938e+00
4.390209960937500000e+02,5.858482837677001953e+00,5.936264038085937500e+00
4.395809936523437500e+02,5.858515262603759766e+00,5.936281204223632812e+00
4.401409912109375000e+02,5.858541488647460938e+00,5.936218261718750000e+00
4.407009887695312500e+02,5.858594417572021484e+00,5.936236858367919922e+00
4.412709960937500000e+02,5.858671188354492188e+00,5.936134338378906250e+00
4.418410034179687500e+02,5.858671665191650391e+00,5.936203002929687500e+00
4.424010009765625000e+02,5.858512878417968750e+00,5.936199665069580078e+00
4.429509887695312500e+02,5.858638286590576172e+00,5.936059951782226562e+00
4.435010070800781250e+02,5.858491897583007812e+00,5.936218261718750000e+00
4.440610046386718750e+02,5.858642101287841797e+00,5.936206817626953125e+00
4.446210021972656250e+02,5.858568668365478516e+00,5.936106204986572266e+00
4.451809997558593750e+02,5.858623981475830078e+00,5.936020851135253906e+00
4.457409973144531250e+02,5.858526229858398438e+00,5.936089515686035156e+00
4.463110046386718750e+02,5.858499050140380859e+00,5.936079025268554688e+00
4.468710021972656250e+02,5.858398437500000000e+00,5.936038970947265625e+00
4.474209899902343750e+02,5.858383655548095703e+00,5.936135768890380859e+00
4.479809875488281250e+02,5.858464717864990234e+00,5.935953617095947266e+00
4.485409851074218750e+02,5.858513355255126953e+00,5.936023712158203125e+00
4.491059875488281250e+02,5.858433246612548828e+00,5.936105251312255859e+00
4.496709899902343750e+02,5.858412742614746094e+00,5.936064720153808594e+00
4.502309875488281250e+02,5.858447074890136719e+00,5.936000823974609375e+00
4.507909851074218750e+02,5.858470439910888672e+00,5.935958385467529297e+00
4.513510131835937500e+02,5.858368873596191406e+00,5.935887813568115234e+00
4.519110107421875000e+02,5.858315944671630859e+00,5.935927867889404297e+00
4.524710083007812500e+02,5.858259201049804688e+00,5.936035633087158203e+00
4.530310058593750000e+02,5.858487606048583984e+00,5.935897350311279297e+00
4.535910034179687500e+02,5.858359813690185547e+00,5.936035156250000000e+00
4.541510009765625000e+02,5.858309268951416016e+00,5.936103820800781250e+00
4.547109985351562500e+02,5.858274459838867188e+00,5.935971260070800781e+00
4.552709960937500000e+02,5.858262062072753906e+00,5.935926914215087891e+00
4.558309936523437500e+02,5.858520030975341797e+00,5.935817241668701172e+00
4.563909912109375000e+02,5.858450889587402344e+00,5.935862064361572266e+00
4.569509887695312500e+02,5.858201503753662109e+00,5.935956001281738281e+00
4.575109863281250000e+02,5.858248710632324219e+00,5.935963153839111328e+00
4.580710144042968750e+02,5.858350276947021484e+00,5.935867786407470703e+00
4.586310119628906250e+02,5.858492851257324219e+00,5.935869216918945312e+00
4.591910095214843750e+02,5.858415603637695312e+00,5.935784816741943359e+00
4.597510070800781250e+02,5.858513355255126953e+00,5.935715675354003906e+00
4.603110046386718750e+02,5.858375072479248047e+00,5.935882091522216797e+00
4.608710021972656250e+02,5.858253479003906250e+00,5.935873508453369141e+00
4.614309997558593750e+02,5.858235836029052734e+00,5.935859680175781250e+00
4.619909973144531250e+02,5.858275890350341797e+00,5.935844421386718750e+00
4.625509948730468750e+02,5.858384609222412109e+00,5.935821533203125000e+00
4.631159973144531250e+02,5.858232498168945312e+00,5.935764789581298828e+00
4.636809997558593750e+02,5.858213424682617188e+00,5.935668468475341797e+00
4.642359924316406250e+02,5.858221530914306641e+00,5.935739994049072266e+00
4.647959899902343750e+02,5.858338356018066406e+00,5.935821533203125000e+00
4.653559875488281250e+02,5.858323097229003906e+00,5.935751914978027344e+00
4.659110107421875000e+02,5.858173370361328125e+00,5.935698032379150391e+00
4.664710083007812500e+02,5.858199119567871094e+00,5.935694217681884766e+00
4.670310058593750000e+02,5.858115196228027344e+00,5.935648441314697266e+00
4.675910034179687500e+02,5.858103275299072266e+00,5.935676574707031250e+00
4.681459960937500000e+02,5.858264446258544922e+00,5.935701370239257812e+00
4.687109985351562500e+02,5.858116626739501953e+00,5.935655117034912109e+00
4.692709960937500000e+02,5.858162879943847656e+00,5.935647010803222656e+00
4.698210144042968750e+02,5.858150959014892578e+00,5.935671806335449219e+00
4.703909912109375000e+02,5.858160495758056641e+00,5.935504436492919922e+00
4.709609985351562500e+02,5.858046054840087891e+00,5.935567855834960938e+00
4.715209960937500000e+02,5.858220577239990234e+00,5.935604572296142578e+00
4.720809936523437500e+02,5.858156681060791016e+00,5.935578823089599609e+00
4.726409912109375000e+02,5.858055114746093750e+00,5.935638904571533203e+00
4.732009887695312500e+02,5.858153343200683594e+00,5.935424804687500000e+00
4.737510070800781250e+02,5.858275890350341797e+00,5.935454368591308594e+00
4.743110046386718750e+02,5.858185291290283203e+00,5.935445308685302734e+00
4.748810119628906250e+02,5.858091831207275391e+00,5.935587882995605469e+00
4.754410095214843750e+02,5.858242034912109375e+00,5.935506343841552734e+00
4.760010070800781250e+02,5.858146190643310547e+00,5.935595035552978516e+00
4.765610046386718750e+02,5.858130455017089844e+00,5.935623645782470703e+00
4.771210021972656250e+02,5.858262062072753906e+00,5.935568809509277344e+00
4.776809997558593750e+02,5.858118057250976562e+00,5.935582160949707031e+00
4.782409973144531250e+02,5.858230113983154297e+00,5.935571670532226562e+00
4.788009948730468750e+02,5.858163833618164062e+00,5.935453414916992188e+00
4.793559875488281250e+02,5.858104705810546875e+00,5.935634136199951172e+00
4.799110107421875000e+02,5.858249664306640625e+00,5.935453414916992188e+00
4.804710083007812500e+02,5.858223915100097656e+00,5.935523033142089844e+00
4.810310058593750000e+02,5.858168601989746094e+00,5.935720443725585938e+00
4.815910034179687500e+02,5.858172416687011719e+00,5.935443878173828125e+00
4.821510009765625000e+02,5.858155727386474609e+00,5.935594081878662109e+00
4.827109985351562500e+02,5.858383655548095703e+00,5.935506820678710938e+00
4.832709960937500000e+02,5.858084678649902344e+00,5.935774326324462891e+00
4.838309936523437500e+02,5.858200550079345703e+00,5.935539245605468750e+00
4.843909912109375000e+02,5.858333587646484375e+00,5.935545444488525391e+00
4.849509887695312500e+02,5.858223915100097656e+00,5.935584068298339844e+00
4.855109863281250000e+02,5.858284473419189453e+00,5.935658931732177734e+00
4.860710144042968750e+02,5.858219146728515625e+00,5.935787677764892578e+00
4.866310119628906250e+02,5.858249664306640625e+00,5.935607910156250000e+00
4.871910095214843750e+02,5.858428001403808594e+00,5.935609340667724609e+00
4.877510070800781250e+02,5.858135223388671875e+00,5.935721397399902344e+00
4.883110046386718750e+02,5.858283996582031250e+00,5.935645580291748047e+00
4.888710021972656250e+02,5.858257293701171875e+00,5.935614109039306641e+00
4.894309997558593750e+02,5.858244419097900391e+00,5.935688495635986328e+00
4.899909973144531250e+02,5.858185291290283203e+00,5.935698032379150391e+00
4.905509948730468750e+02,5.858351707458496094e+00,5.935707092285156250e+00
4.911109924316406250e+02,5.858242034912109375e+00,5.935704708099365234e+00
4.916709899902343750e+02,5.858225345611572266e+00,5.935850143432617188e+00
4.922309875488281250e+02,5.858325481414794922e+00,5.935680866241455078e+00
4.927909851074218750e+02,5.858360767364501953e+00,5.935790061950683594e+00
4.933510131835937500e+02,5.858321666717529297e+00,5.935831069946289062e+00
4.939110107421875000e+02,5.858410358428955078e+00,5.935926914215087891e+00
4.944710083007812500e+02,5.858469486236572266e+00,5.935835838317871094e+00
4.950310058593750000e+02,5.858363628387451172e+00,5.935979843139648438e+00
4.955910034179687500e+02,5.858313560485839844e+00,5.935915946960449219e+00
4.961510009765625000e+02,5.858400821685791016e+00,5.935770034790039062e+00
4.967109985351562500e+02,5.858443737030029297e+00,5.935966968536376953e+00
4.972709960937500000e+02,5.858362197875976562e+00,5.935879230499267578e+00
4.978309936523437500e+02,5.858378887176513672e+00,5.935886383056640625e+00
4.983909912109375000e+02,5.858494281768798828e+00,5.936020851135253906e+00
4.989460144042968750e+02,5.858395099639892578e+00,5.935976028442382812e+00
4.995010070800781250e+02,5.858239173889160156e+00,5.936178207397460938e+00
5.000610046386718750e+02,5.858447074890136719e+00,5.936066150665283203e+00
5.006210021972656250e+02,5.858429431915283203e+00,5.935992717742919922e+00
5.011809997558593750e+02,5.858503818511962891e+00,5.935943603515625000e+00
5.017409973144531250e+02,5.858425617218017578e+00,5.936046123504638672e+00
5.023110046386718750e+02,5.858366966247558594e+00,5.935895919799804688e+00
5.028810119628906250e+02,5.858572483062744141e+00,5.936064720153808594e+00
5.034410095214843750e+02,5.858423233032226562e+00,5.936134815216064453e+00
5.040010070800781250e+02,5.858588695526123047e+00,5.935938835144042969e+00
5.045610046386718750e+02,5.858674049377441406e+00,5.936130046844482422e+00
5.051210021972656250e+02,5.858551025390625000e+00,5.936129570007324219e+00
5.056809997558593750e+02,5.858420848846435547e+00,5.936182022094726562e+00
5.062409973144531250e+02,5.858574867248535156e+00,5.936021327972412109e+00
5.068009948730468750e+02,5.858445644378662109e+00,5.936252593994140625e+00
5.073609924316406250e+02,5.858647823333740234e+00,5.936212539672851562e+00
5.079209899902343750e+02,5.858553409576416016e+00,5.936126232147216797e+00
5.084809875488281250e+02,5.858563899993896484e+00,5.936148643493652344e+00
5.090409851074218750e+02,5.858574390411376953e+00,5.936170101165771484e+00
5.096010131835937500e+02,5.858541488647460938e+00,5.936257362365722656e+00
5.101610107421875000e+02,5.858614921569824219e+00,5.936218261718750000e+00
5.107160034179687500e+02,5.858510017395019531e+00,5.936333656311035156e+00
5.112709960937500000e+02,5.858591079711914062e+00,5.936199188232421875e+00
5.118309936523437500e+02,5.858598232269287109e+00,5.936187267303466797e+00
5.123909912109375000e+02,5.858612060546875000e+00,5.936329364776611328e+00
5.129509887695312500e+02,5.858572483062744141e+00,5.936380863189697266e+00
5.135109863281250000e+02,5.858569622039794922e+00,5.936362266540527344e+00
5.140709838867187500e+02,5.858555793762207031e+00,5.936337471008300781e+00
5.146309814453125000e+02,5.858728408813476562e+00,5.936480045318603516e+00
5.151909790039062500e+02,5.858551979064941406e+00,5.936347007751464844e+00
5.157509765625000000e+02,5.858515262603759766e+00,5.936398983001708984e+00
5.163109741210937500e+02,5.858750343322753906e+00,5.936489582061767578e+00
5.168709716796875000e+02,5.858598232269287109e+00,5.936362266540527344e+00
5.174310302734375000e+02,5.858850002288818359e+00,5.936365604400634766e+00
5.179910278320312500e+02,5.858783721923828125e+00,5.936383247375488281e+00
5.185510253906250000e+02,5.858688831329345703e+00,5.936486244201660156e+00
5.191110229492187500e+02,5.858811855316162109e+00,5.936398983001708984e+00
5.196710205078125000e+02,5.858815670013427734e+00,5.936436653137207031e+00
5.202310180664062500e+02,5.858678817749023438e+00,5.936460018157958984e+00
5.207910156250000000e+02,5.858675003051757812e+00,5.936437606811523438e+00
5.213510131835937500e+02,5.858937263488769531e+00,5.936477661132812500e+00
5.219110107421875000e+02,5.858844757080078125e+00,5.936419963836669922e+00
5.224710083007812500e+02,5.858670234680175781e+00,5.936603069305419922e+00
5.230310058593750000e+02,5.858777523040771484e+00,5.936556816101074219e+00
5.235910034179687500e+02,5.858694076538085938e+00,5.936733245849609375e+00
5.241510009765625000e+02,5.858899116516113281e+00,5.936523914337158203e+00
5.247109985351562500e+02,5.858815670013427734e+00,5.936486244201660156e+00
5.252709960937500000e+02,5.858952045440673828e+00,5.936395168304443359e+00
5.258309936523437500e+02,5.858833312988281250e+00,5.936520576477050781e+00
5.263909912109375000e+02,5.858783721923828125e+00,5.936620712280273438e+00
5.269509887695312500e+02,5.858842372894287109e+00,5.936532497406005859e+00
5.275109863281250000e+02,5.858945369720458984e+00,5.936462879180908203e+00
5.280709838867187500e+02,5.858749389648437500e+00,5.936692714691162109e+00
5.286359863281250000e+02,5.858844757080078125e+00,5.936710834503173828e+00
5.292009887695312500e+02,5.858937263488769531e+00,5.936603069305419922e+00
5.297609863281250000e+02,5.859041213989257812e+00,5.936566829681396484e+00
5.303209838867187500e+02,5.858851909637451172e+00,5.936551094055175781e+00
5.308809814453125000e+02,5.858946323394775391e+00,5.936731815338134766e+00
5.314409790039062500e+02,5.859031677246093750e+00,5.936688423156738281e+00
5.320009765625000000e+02,5.859122276306152344e+00,5.936629295349121094e+00
5.325609741210937500e+02,5.859063148498535156e+00,5.936759948730468750e+00
5.331209716796875000e+02,5.858981609344482422e+00,5.936591148376464844e+00
5.336810302734375000e+02,5.858879089355468750e+00,5.936701297760009766e+00
5.342410278320312500e+02,5.858951091766357422e+00,5.936656475067138672e+00
5.348010253906250000e+02,5.858795166015625000e+00,5.936823844909667969e+00
5.353610229492187500e+02,5.858861446380615234e+00,5.936735153198242188e+00
5.359210205078125000e+02,5.858944416046142578e+00,5.936836719512939453e+00
5.364810180664062500e+02,5.859019756317138672e+00,5.936740875244140625e+00
5.370410156250000000e+02,5.859012603759765625e+00,5.936641216278076172e+00
5.376010131835937500e+02,5.859132766723632812e+00,5.936730384826660156e+00
5.381610107421875000e+02,5.858901500701904297e+00,5.936836719512939453e+00
5.387210083007812500e+02,5.859082221984863281e+00,5.936901569366455078e+00
5.392810058593750000e+02,5.859118938446044922e+00,5.936855792999267578e+00
5.398410034179687500e+02,5.859043121337890625e+00,5.936859607696533203e+00
5.404010009765625000e+02,5.859043121337890625e+00,5.936777591705322266e+00
5.409559936523437500e+02,5.859080791473388672e+00,5.936793327331542969e+00
5.415109863281250000e+02,5.859018325805664062e+00,5.936867237091064453e+00
5.420709838867187500e+02,5.859141349792480469e+00,5.936826229095458984e+00
5.426309814453125000e+02,5.859035015106201172e+00,5.936868667602539062e+00
5.431909790039062500e+02,5.859054088592529297e+00,5.936733245849609375e+00
5.437509765625000000e+02,5.859055042266845703e+00,5.936744689941406250e+00
5.443109741210937500e+02,5.859001636505126953e+00,5.936840057373046875e+00
5.448709716796875000e+02,5.858983039855957031e+00,5.936997413635253906e+00
5.454310302734375000e+02,5.859045505523681641e+00,5.936836719512939453e+00
5.459910278320312500e+02,5.859220504760742188e+00,5.936723232269287109e+00
5.465510253906250000e+02,5.859184741973876953e+00,5.936929225921630859e+00
5.471110229492187500e+02,5.859063625335693359e+00,5.936944007873535156e+00
5.476710205078125000e+02,5.859150409698486328e+00,5.936984539031982422e+00
5.482310180664062500e+02,5.859107971191406250e+00,5.936973571777343750e+00
5.487910156250000000e+02,5.859119892120361328e+00,5.936945438385009766e+00
5.493510131835937500e+02,5.859168529510498047e+00,5.936968803405761719e+00
5.499110107421875000e+02,5.859135150909423828e+00,5.936924457550048828e+00
5.504710083007812500e+02,5.859203815460205078e+00,5.936920642852783203e+00
5.510310058593750000e+02,5.859051227569580078e+00,5.936971664428710938e+00
5.515910034179687500e+02,5.859155654907226562e+00,5.937002182006835938e+00
5.521510009765625000e+02,5.859221458435058594e+00,5.936908721923828125e+00
5.527109985351562500e+02,5.859312534332275391e+00,5.936904430389404297e+00
5.532709960937500000e+02,5.859123229980468750e+00,5.936968803405761719e+00
5.538309936523437500e+02,5.859168052673339844e+00,5.936917304992675781e+00
5.543909912109375000e+02,5.859138011932373047e+00,5.937088012695312500e+00
5.549509887695312500e+02,5.859081268310546875e+00,5.936978340148925781e+00
5.555109863281250000e+02,5.859223842620849609e+00,5.936955928802490234e+00
5.560709838867187500e+02,5.859066963195800781e+00,5.936996459960937500e+00
5.566309814453125000e+02,5.859099864959716797e+00,5.937085628509521484e+00
5.571909790039062500e+02,5.859144687652587891e+00,5.937100410461425781e+00
5.577509765625000000e+02,5.859177589416503906e+00,5.936981678009033203e+00
5.583109741210937500e+02,5.859233379364013672e+00,5.937003612518310547e+00
5.588709716796875000e+02,5.859143733978271484e+00,5.937033653259277344e+00
5.594359741210937500e+02,5.859272003173828125e+00,5.937013626098632812e+00
5.600009765625000000e+02,5.859182834625244141e+00,5.936859130859375000e+00
5.605609741210937500e+02,5.859189510345458984e+00,5.937110424041748047e+00
5.611110229492187500e+02,5.859186172485351562e+00,5.936981678009033203e+00
5.616610107421875000e+02,5.859171867370605469e+00,5.937070846557617188e+00
5.622210083007812500e+02,5.859261512756347656e+00,5.936901569366455078e+00
5.627910156250000000e+02,5.859319686889648438e+00,5.937048435211181641e+00
5.633610229492187500e+02,5.859254360198974609e+00,5.937015056610107422e+00
5.639210205078125000e+02,5.859193325042724609e+00,5.937046051025390625e+00
5.644810180664062500e+02,5.859373569488525391e+00,5.936938285827636719e+00
5.650410156250000000e+02,5.859253406524658203e+00,5.937068462371826172e+00
5.656010131835937500e+02,5.859268665313720703e+00,5.936917304992675781e+00
5.661610107421875000e+02,5.859342098236083984e+00,5.936963081359863281e+00
5.667210083007812500e+02,5.859187602996826172e+00,5.937061309814453125e+00
5.672810058593750000e+02,5.859179973602294922e+00,5.937118053436279297e+00
5.678410034179687500e+02,5.859267234802246094e+00,5.936990261077880859e+00
5.683909912109375000e+02,5.859188556671142578e+00,5.937115669250488281e+00
5.689409790039062500e+02,5.859196662902832031e+00,5.936962127685546875e+00
5.695109863281250000e+02,5.859281539916992188e+00,5.937084674835205078e+00
5.700809936523437500e+02,5.859375000000000000e+00,5.936902046203613281e+00
5.706409912109375000e+02,5.859305381774902344e+00,5.937112808227539062e+00
5.712009887695312500e+02,5.859143257141113281e+00,5.937018871307373047e+00
5.717609863281250000e+02,5.859163761138916016e+00,5.937119007110595703e+00
5.723159790039062500e+02,5.859300613403320312e+00,5.937099933624267578e+00
5.728709716796875000e+02,5.859182834625244141e+00,5.937034130096435547e+00
5.734310302734375000e+02,5.859316825866699219e+00,5.937066078186035156e+00
5.739910278320312500e+02,5.859134197235107422e+00,5.937093257904052734e+00
5.745510253906250000e+02,5.859295845031738281e+00,5.937023639678955078e+00
5.751110229492187500e+02,5.859354972839355469e+00,5.937066078186035156e+00
5.756710205078125000e+02,5.859243869781494141e+00,5.937050342559814453e+00
5.762310180664062500e+02,5.859306335449218750e+00,5.937088489532470703e+00
5.767910156250000000e+02,5.859254837036132812e+00,5.937101364135742188e+00
5.773510131835937500e+02,5.859183788299560547e+00,5.937290191650390625e+00
5.779110107421875000e+02,5.859408855438232422e+00,5.937105655670166016e+00
5.784710083007812500e+02,5.859289646148681641e+00,5.937122821807861328e+00
5.790310058593750000e+02,5.859324455261230469e+00,5.937017440795898438e+00
5.795910034179687500e+02,5.859375000000000000e+00,5.937119007110595703e+00
5.801510009765625000e+02,5.859365463256835938e+00,5.936956405639648438e+00
5.807109985351562500e+02,5.859324455261230469e+00,5.937011718750000000e+00
5.812709960937500000e+02,5.859364032745361328e+00,5.937105655670166016e+00
5.818309936523437500e+02,5.859357357025146484e+00,5.937051773071289062e+00
5.823909912109375000e+02,5.859187602996826172e+00,5.937144756317138672e+00
5.829509887695312500e+02,5.859313488006591797e+00,5.937031269073486328e+00
5.835109863281250000e+02,5.859242916107177734e+00,5.937209606170654297e+00
5.840709838867187500e+02,5.859265327453613281e+00,5.937033653259277344e+00
5.846359863281250000e+02,5.859238147735595703e+00,5.937108516693115234e+00
5.852009887695312500e+02,5.859288692474365234e+00,5.937123775482177734e+00
5.857559814453125000e+02,5.859322071075439453e+00,5.937013626098632812e+00
5.863159790039062500e+02,5.859366416931152344e+00,5.937162876129150391e+00
5.868809814453125000e+02,5.859256744384765625e+00,5.937113285064697266e+00
5.874409790039062500e+02,5.859251022338867188e+00,5.937108039855957031e+00
5.880009765625000000e+02,5.859265327453613281e+00,5.936953544616699219e+00
5.885609741210937500e+02,5.859258174896240234e+00,5.937037467956542969e+00
5.891209716796875000e+02,5.859333515167236328e+00,5.937102317810058594e+00
5.896810302734375000e+02,5.859211921691894531e+00,5.937123775482177734e+00
5.902410278320312500e+02,5.859351158142089844e+00,5.937015056610107422e+00
5.908010253906250000e+02,5.859182357788085938e+00,5.937154293060302734e+00
5.913610229492187500e+02,5.859269618988037109e+00,5.937089443206787109e+00
5.919210205078125000e+02,5.859390258789062500e+00,5.937068462371826172e+00
5.924810180664062500e+02,5.859343051910400391e+00,5.937071800231933594e+00
5.930410156250000000e+02,5.859359264373779297e+00,5.937163829803466797e+00
5.935910034179687500e+02,5.859269618988037109e+00,5.937102317810058594e+00
5.941409912109375000e+02,5.859256744384765625e+00,5.937179088592529297e+00
5.947109985351562500e+02,5.859269618988037109e+00,5.937131881713867188e+00
5.952810058593750000e+02,5.859252452850341797e+00,5.937045574188232422e+00
5.958410034179687500e+02,5.859309673309326172e+00,5.937151908874511719e+00
5.964010009765625000e+02,5.859282016754150391e+00,5.937243938446044922e+00
5.969609985351562500e+02,5.859367847442626953e+00,5.937116622924804688e+00
5.975209960937500000e+02,5.859246253967285156e+00,5.937123775482177734e+00
5.980809936523437500e+02,5.859283924102783203e+00,5.937140464782714844e+00
5.986409912109375000e+02,5.859279155731201172e+00,5.937117576599121094e+00
5.992009887695312500e+02,5.859323978424072266e+00,5.936993598937988281e+00
5.997609863281250000e+02,5.859166145324707031e+00,5.937109470367431641e+00
6.003209838867187500e+02,5.859189510345458984e+00,5.936990261077880859e+00
6.008809814453125000e+02,5.859247684478759766e+00,5.937161445617675781e+00
6.014409790039062500e+02,5.859331607818603516e+00,5.937047004699707031e+00
6.020009765625000000e+02,5.859210968017578125e+00,5.937129497528076172e+00
6.025609741210937500e+02,5.859489440917968750e+00,5.936874389648437500e+00
6.031209716796875000e+02,5.859194278717041016e+00,5.937024593353271484e+00
6.036760253906250000e+02,5.859282016754150391e+00,5.937083244323730469e+00
6.042310180664062500e+02,5.859277248382568359e+00,5.937043666839599609e+00
6.047910156250000000e+02,5.859233379364013672e+00,5.936911106109619141e+00
6.053510131835937500e+02,5.859362125396728516e+00,5.936979770660400391e+00
6.059110107421875000e+02,5.859294891357421875e+00,5.936922073364257812e+00
6.064710083007812500e+02,5.859250068664550781e+00,5.937139034271240234e+00
6.070310058593750000e+02,5.859158039093017578e+00,5.937158107757568359e+00
6.075910034179687500e+02,5.859205245971679688e+00,5.937016010284423828e+00
6.081510009765625000e+02,5.859270095825195312e+00,5.937049388885498047e+00
6.087109985351562500e+02,5.859266281127929688e+00,5.937027931213378906e+00
6.092709960937500000e+02,5.859245300292968750e+00,5.936976432800292969e+00
6.098309936523437500e+02,5.859350204467773438e+00,5.937085628509521484e+00
6.103909912109375000e+02,5.859129428863525391e+00,5.937160491943359375e+00
6.109509887695312500e+02,5.859262943267822266e+00,5.937025547027587891e+00
6.115109863281250000e+02,5.859294891357421875e+00,5.936835765838623047e+00
6.120709838867187500e+02,5.859096050262451172e+00,5.936991691589355469e+00
6.126309814453125000e+02,5.859251022338867188e+00,5.937002182006835938e+00
6.131909790039062500e+02,5.859123229980468750e+00,5.936984062194824219e+00
6.137559814453125000e+02,5.859161376953125000e+00,5.936951637268066406e+00
6.143159790039062500e+02,5.859254837036132812e+00,5.936862945556640625e+00
6.148709716796875000e+02,5.859138965606689453e+00,5.936966419219970703e+00
6.154310302734375000e+02,5.859326362609863281e+00,5.936935901641845703e+00
6.159959716796875000e+02,5.859190464019775391e+00,5.936929225921630859e+00
6.165560302734375000e+02,5.859170913696289062e+00,5.937090873718261719e+00
6.171110229492187500e+02,5.859406471252441406e+00,5.936800479888916016e+00
6.176710205078125000e+02,5.859171867370605469e+00,5.936814308166503906e+00
6.182310180664062500e+02,5.859090328216552734e+00,5.937011718750000000e+00
6.187910156250000000e+02,5.859036445617675781e+00,5.937047004699707031e+00
6.193510131835937500e+02,5.859018802642822266e+00,5.936961650848388672e+00
6.199160156250000000e+02,5.859282016754150391e+00,5.937031745910644531e+00
6.204760131835937500e+02,5.859021663665771484e+00,5.936966896057128906e+00
6.210360107421875000e+02,5.858963966369628906e+00,5.937192440032958984e+00
6.216010131835937500e+02,5.859227657318115234e+00,5.936731815338134766e+00
6.221610107421875000e+02,5.859157562255859375e+00,5.936827182769775391e+00
6.227210083007812500e+02,5.859135627746582031e+00,5.937008857727050781e+00
6.232810058593750000e+02,5.859073638916015625e+00,5.936983108520507812e+00
6.238410034179687500e+02,5.859103202819824219e+00,5.936902046203613281e+00
6.244010009765625000e+02,5.859247684478759766e+00,5.936774253845214844e+00
6.249609985351562500e+02,5.859115123748779297e+00,5.936966896057128906e+00
6.255209960937500000e+02,5.859096050262451172e+00,5.936951637268066406e+00
6.260809936523437500e+02,5.859179019927978516e+00,5.936795711517333984e+00
6.266409912109375000e+02,5.859139919281005859e+00,5.937018871307373047e+00
6.272009887695312500e+02,5.859178066253662109e+00,5.937014102935791016e+00
6.277609863281250000e+02,5.859196662902832031e+00,5.936948776245117188e+00
6.283209838867187500e+02,5.859119892120361328e+00,5.936846256256103516e+00
6.288809814453125000e+02,5.859051227569580078e+00,5.937021255493164062e+00
6.294409790039062500e+02,5.859080791473388672e+00,5.936849594116210938e+00
6.300009765625000000e+02,5.859118938446044922e+00,5.936805248260498047e+00
6.305609741210937500e+02,5.859008789062500000e+00,5.936908721923828125e+00
6.311209716796875000e+02,5.859033584594726562e+00,5.936850070953369141e+00
6.316810302734375000e+02,5.859111785888671875e+00,5.936832427978515625e+00
6.322410278320312500e+02,5.859086990356445312e+00,5.936729431152343750e+00
6.327960205078125000e+02,5.859044551849365234e+00,5.936763763427734375e+00
6.333560180664062500e+02,5.859006404876708984e+00,5.936812877655029297e+00
6.339210205078125000e+02,5.859085559844970703e+00,5.936785221099853516e+00
6.344760131835937500e+02,5.859019756317138672e+00,5.936734199523925781e+00
6.350310058593750000e+02,5.858992576599121094e+00,5.936851024627685547e+00
6.356010131835937500e+02,5.859142303466796875e+00,5.936731815338134766e+00
6.361610107421875000e+02,5.859001636505126953e+00,5.936787128448486328e+00
6.367210083007812500e+02,5.859012603759765625e+00,5.936794281005859375e+00
6.372810058593750000e+02,5.859046459197998047e+00,5.936704635620117188e+00
6.378309936523437500e+02,5.859039783477783203e+00,5.936779022216796875e+00
6.383909912109375000e+02,5.858924865722656250e+00,5.936718940734863281e+00
6.389509887695312500e+02,5.858932018280029297e+00,5.936661243438720703e+00
6.395109863281250000e+02,5.858881473541259766e+00,5.936828613281250000e+00
6.400709838867187500e+02,5.858858108520507812e+00,5.936809539794921875e+00
6.406309814453125000e+02,5.858934402465820312e+00,5.936742305755615234e+00
6.411909790039062500e+02,5.859012603759765625e+00,5.936634063720703125e+00
6.417509765625000000e+02,5.859014034271240234e+00,5.936636447906494141e+00
6.423109741210937500e+02,5.858750343322753906e+00,5.936678886413574219e+00
6.428709716796875000e+02,5.859003067016601562e+00,5.936606407165527344e+00
6.434310302734375000e+02,5.858890056610107422e+00,5.936694145202636719e+00
6.439910278320312500e+02,5.858950138092041016e+00,5.936635971069335938e+00
6.445510253906250000e+02,5.858847618103027344e+00,5.936588764190673828e+00
6.451110229492187500e+02,5.858897209167480469e+00,5.936640739440917969e+00
6.456710205078125000e+02,5.858851909637451172e+00,5.936594009399414062e+00
6.462360229492187500e+02,5.858886241912841797e+00,5.936617374420166016e+00
6.468010253906250000e+02,5.858922958374023438e+00,5.936538219451904297e+00
6.473610229492187500e+02,5.858968734741210938e+00,5.936543941497802734e+00
6.479210205078125000e+02,5.858887195587158203e+00,5.936515808105468750e+00
6.484810180664062500e+02,5.858907222747802734e+00,5.936419963836669922e+00
6.490410156250000000e+02,5.858933448791503906e+00,5.936532020568847656e+00
6.496010131835937500e+02,5.858791828155517578e+00,5.936427116394042969e+00
6.501610107421875000e+02,5.858983039855957031e+00,5.936310291290283203e+00
6.507210083007812500e+02,5.858762264251708984e+00,5.936541557312011719e+00
6.512810058593750000e+02,5.858677387237548828e+00,5.936602115631103516e+00
6.518410034179687500e+02,5.858769416809082031e+00,5.936479091644287109e+00
6.524010009765625000e+02,5.858738899230957031e+00,5.936496734619140625e+00
6.529609985351562500e+02,5.858758926391601562e+00,5.936392784118652344e+00
6.535209960937500000e+02,5.858924865722656250e+00,5.936398983001708984e+00
6.540809936523437500e+02,5.858736515045166016e+00,5.936418056488037109e+00
6.546409912109375000e+02,5.858598232269287109e+00,5.936513423919677734e+00
6.552009887695312500e+02,5.858509540557861328e+00,5.936506271362304688e+00
6.557609863281250000e+02,5.858720779418945312e+00,5.936326980590820312e+00
6.563209838867187500e+02,5.858644008636474609e+00,5.936215877532958984e+00
6.568809814453125000e+02,5.858704566955566406e+00,5.936286926269531250e+00
