# T/s , fs/MHz , fp/MHz
0.000000000000000000e+00,5.859118938446044922e+00,5.936909675598144531e+00
5.600000023841857910e-01,5.858681201934814453e+00,5.936593532562255859e+00
1.120000004768371582e+00,5.858688831329345703e+00,5.936560630798339844e+00
1.679999947547912598e+00,5.858602046966552734e+00,5.936439990997314453e+00
2.240000009536743164e+00,5.858707904815673828e+00,5.936367988586425781e+00
2.799999952316284180e+00,5.858478069305419922e+00,5.936611175537109375e+00
3.359999895095825195e+00,5.858666419982910156e+00,5.936481475830078125e+00
3.920000076293945312e+00,5.858652591705322266e+00,5.936533451080322266e+00
4.480000019073486328e+00,5.858673572540283203e+00,5.936525344848632812e+00
5.039999961853027344e+00,5.858530044555664062e+00,5.936389446258544922e+00
5.599999904632568359e+00,5.858482837677001953e+00,5.936595916748046875e+00
6.159999847412109375e+00,5.858571052551269531e+00,5.936483860015869141e+00
6.719999790191650391e+00,5.858508586883544922e+00,5.936519622802734375e+00
7.280000209808349609e+00,5.858617305755615234e+00,5.936396598815917969e+00
7.840000152587890625e+00,5.858449459075927734e+00,5.936567783355712891e+00
8.399999618530273438e+00,5.858549594879150391e+00,5.936618804931640625e+00
8.960000038146972656e+00,5.858678817749023438e+00,5.936530113220214844e+00
9.520000457763671875e+00,5.858511924743652344e+00,5.936471939086914062e+00
1.007999992370605469e+01,5.858680725097656250e+00,5.936460018157958984e+00
1.064000034332275391e+01,5.858619689941406250e+00,5.936524868011474609e+00
1.119999980926513672e+01,5.858529567718505859e+00,5.936638832092285156e+00
1.176000022888183594e+01,5.858681201934814453e+00,5.936432838439941406e+00
1.231999969482421875e+01,5.858678340911865234e+00,5.936491012573242188e+00
1.288000011444091797e+01,5.858609676361083984e+00,5.936435699462890625e+00
1.343999958038330078e+01,5.858606338500976562e+00,5.936619758605957031e+00
1.400000000000000000e+01,5.858562946319580078e+00,5.936346054077148438e+00
1.455500030517578125e+01,5.858795166015625000e+00,5.936403751373291016e+00
1.510999965667724609e+01,5.858548641204833984e+00,5.936575889587402344e+00
1.567000007629394531e+01,5.858639240264892578e+00,5.936458110809326172e+00
1.622999954223632812e+01,5.858699798583984375e+00,5.936410427093505859e+00
1.679000091552734375e+01,5.858606338500976562e+00,5.936397552490234375e+00
1.735000038146972656e+01,5.858486175537109375e+00,5.936430454254150391e+00
1.790999984741210938e+01,5.858617305755615234e+00,5.936365604400634766e+00
1.846999931335449219e+01,5.858603000640869141e+00,5.936485290527343750e+00
1.903000068664550781e+01,5.858632564544677734e+00,5.936511039733886719e+00
1.960000038146972656e+01,5.858637332916259766e+00,5.936422348022460938e+00
2.017000007629394531e+01,5.858470439910888672e+00,5.936514377593994141e+00
2.072999954223632812e+01,5.858653545379638672e+00,5.936515808105468750e+00
2.129000091552734375e+01,5.858499050140380859e+00,5.936491012573242188e+00
2.185000038146972656e+01,5.858646392822265625e+00,5.936454296112060547e+00
2.240999984741210938e+01,5.858610153198242188e+00,5.936524868011474609e+00
2.296999931335449219e+01,5.858642101287841797e+00,5.936484813690185547e+00
2.353000068664550781e+01,5.858621597290039062e+00,5.936430454254150391e+00
2.407999992370605469e+01,5.858573436737060547e+00,5.936546325683593750e+00
2.462999916076660156e+01,5.858641624450683594e+00,5.936393260955810547e+00
2.519000053405761719e+01,5.858551025390625000e+00,5.936506271362304688e+00
2.575000000000000000e+01,5.858743190765380859e+00,5.936442375183105469e+00
2.630999946594238281e+01,5.858592510223388672e+00,5.936477661132812500e+00
2.687000083923339844e+01,5.858497619628906250e+00,5.936435699462890625e+00
2.743000030517578125e+01,5.858663082122802734e+00,5.936466217041015625e+00
2.798999977111816406e+01,5.858664035797119141e+00,5.936380863189697266e+00
2.854999923706054688e+01,5.858703136444091797e+00,5.936387062072753906e+00
2.911000061035156250e+01,5.858539104461669922e+00,5.936456680297851562e+00
2.967000007629394531e+01,5.858506202697753906e+00,5.936524868011474609e+00
3.022999954223632812e+01,5.858669281005859375e+00,5.936326980590820312e+00
3.079000091552734375e+01,5.858532428741455078e+00,5.936564445495605469e+00
3.135000038146972656e+01,5.858513355255126953e+00,5.936439037322998047e+00
3.190999984741210938e+01,5.858554840087890625e+00,5.936442375183105469e+00
3.247000122070312500e+01,5.858639717102050781e+00,5.936490058898925781e+00
3.302999877929687500e+01,5.858605384826660156e+00,5.936470031738281250e+00
3.359000015258789062e+01,5.858514308929443359e+00,5.936314105987548828e+00
3.414500045776367188e+01,5.858542442321777344e+00,5.936349391937255859e+00
3.470000076293945312e+01,5.858462333679199219e+00,5.936500549316406250e+00
3.525999832153320312e+01,5.858630180358886719e+00,5.936430931091308594e+00
3.581999969482421875e+01,5.858643054962158203e+00,5.936435222625732422e+00
3.638000106811523438e+01,5.858578205108642578e+00,5.936552047729492188e+00
3.693999862670898438e+01,5.858733654022216797e+00,5.936378002166748047e+00
3.750000000000000000e+01,5.858653545379638672e+00,5.936445236206054688e+00
3.806000137329101562e+01,5.858640670776367188e+00,5.936482906341552734e+00
3.861999893188476562e+01,5.858558177947998047e+00,5.936382293701171875e+00
3.918000030517578125e+01,5.858501434326171875e+00,5.936501502990722656e+00
3.974000167846679688e+01,5.858605384826660156e+00,5.936421394348144531e+00
4.029999923706054688e+01,5.858688831329345703e+00,5.936482429504394531e+00
4.086000061035156250e+01,5.858555793762207031e+00,5.936552524566650391e+00
4.141999816894531250e+01,5.858633518218994141e+00,5.936356544494628906e+00
4.197999954223632812e+01,5.858526229858398438e+00,5.936383724212646484e+00
4.254000091552734375e+01,5.858534812927246094e+00,5.936482429504394531e+00
4.309999847412109375e+01,5.858585357666015625e+00,5.936456680297851562e+00
4.365999984741210938e+01,5.858642101287841797e+00,5.936452865600585938e+00
4.422000122070312500e+01,5.858567714691162109e+00,5.936395168304443359e+00
4.477999877929687500e+01,5.858477592468261719e+00,5.936447620391845703e+00
4.534000015258789062e+01,5.858589649200439453e+00,5.936257362365722656e+00
4.590000152587890625e+01,5.858694076538085938e+00,5.936271667480468750e+00
4.645999908447265625e+01,5.858487129211425781e+00,5.936453342437744141e+00
4.702000045776367188e+01,5.858502864837646484e+00,5.936355113983154297e+00
4.758000183105468750e+01,5.858479022979736328e+00,5.936428070068359375e+00
4.813999938964843750e+01,5.858475685119628906e+00,5.936452865600585938e+00
4.870000076293945312e+01,5.858479022979736328e+00,5.936420440673828125e+00
4.925999832153320312e+01,5.858711242675781250e+00,5.936269283294677734e+00
4.981999969482421875e+01,5.858632564544677734e+00,5.936249256134033203e+00
5.038000106811523438e+01,5.858739852905273438e+00,5.936292648315429688e+00
5.093999862670898438e+01,5.858555793762207031e+00,5.936336517333984375e+00
5.150000000000000000e+01,5.858468055725097656e+00,5.936244010925292969e+00
5.206000137329101562e+01,5.858612537384033203e+00,5.936349391937255859e+00
5.261999893188476562e+01,5.858536720275878906e+00,5.936346054077148438e+00
5.318000030517578125e+01,5.858612537384033203e+00,5.936338424682617188e+00
5.373500061035156250e+01,5.858698844909667969e+00,5.936297416687011719e+00
5.429000091552734375e+01,5.858536720275878906e+00,5.936259269714355469e+00
5.484999847412109375e+01,5.858583927154541016e+00,5.936335086822509766e+00
5.540999984741210938e+01,5.858505249023437500e+00,5.936349391937255859e+00
5.597000122070312500e+01,5.858416557312011719e+00,5.936396598815917969e+00
5.652999877929687500e+01,5.858659267425537109e+00,5.936155796051025391e+00
5.709000015258789062e+01,5.858551025390625000e+00,5.936352729797363281e+00
5.765000152587890625e+01,5.858404636383056641e+00,5.936410427093505859e+00
5.820999908447265625e+01,5.858472824096679688e+00,5.936386108398437500e+00
5.877000045776367188e+01,5.858585357666015625e+00,5.936383724212646484e+00
5.933000183105468750e+01,5.858612537384033203e+00,5.936299800872802734e+00
5.990000152587890625e+01,5.858582973480224609e+00,5.936226844787597656e+00
6.045999908447265625e+01,5.858502388000488281e+00,5.936312675476074219e+00
6.100999832153320312e+01,5.858556747436523438e+00,5.936218261718750000e+00
6.156999969482421875e+01,5.858583927154541016e+00,5.936214447021484375e+00
6.213000106811523438e+01,5.858514308929443359e+00,5.936171054840087891e+00
6.270000076293945312e+01,5.858609676361083984e+00,5.936278343200683594e+00
6.327000045776367188e+01,5.858396053314208984e+00,5.936159133911132812e+00
6.383000183105468750e+01,5.858560562133789062e+00,5.936085224151611328e+00
6.438999938964843750e+01,5.858420848846435547e+00,5.936275959014892578e+00
6.494999694824218750e+01,5.858500480651855469e+00,5.936101436614990234e+00
6.550499725341796875e+01,5.858365535736083984e+00,5.936153411865234375e+00
6.605999755859375000e+01,5.858594417572021484e+00,5.935996055603027344e+00
6.662000274658203125e+01,5.858317375183105469e+00,5.936226367950439453e+00
6.718000030517578125e+01,5.858470916748046875e+00,5.936125278472900391e+00
6.773999786376953125e+01,5.858367919921875000e+00,5.936115741729736328e+00
6.830000305175781250e+01,5.858398914337158203e+00,5.936181545257568359e+00
6.886000061035156250e+01,5.858281612396240234e+00,5.936149597167968750e+00
6.941999816894531250e+01,5.858496665954589844e+00,5.936098098754882812e+00
6.998000335693359375e+01,5.858459949493408203e+00,5.936069488525390625e+00
7.054000091552734375e+01,5.858428001403808594e+00,5.936141490936279297e+00
7.109999847412109375e+01,5.858261585235595703e+00,5.936221599578857422e+00
7.166000366210937500e+01,5.858284473419189453e+00,5.936195850372314453e+00
7.222000122070312500e+01,5.858385562896728516e+00,5.936036586761474609e+00
7.277999877929687500e+01,5.858303070068359375e+00,5.936001300811767578e+00
7.333999633789062500e+01,5.858448028564453125e+00,5.936029434204101562e+00
7.390000152587890625e+01,5.858345508575439453e+00,5.936078071594238281e+00
7.445999908447265625e+01,5.858209609985351562e+00,5.936030864715576172e+00
7.501999664306640625e+01,5.858302116394042969e+00,5.936034202575683594e+00
7.558000183105468750e+01,5.858180522918701172e+00,5.936075210571289062e+00
7.613999938964843750e+01,5.858388423919677734e+00,5.935949325561523438e+00
7.669999694824218750e+01,5.858376026153564453e+00,5.935908794403076172e+00
7.726000213623046875e+01,5.858394145965576172e+00,5.935892581939697266e+00
7.781999969482421875e+01,5.858369350433349609e+00,5.935907840728759766e+00
7.837999725341796875e+01,5.858313560485839844e+00,5.935943603515625000e+00
7.894000244140625000e+01,5.858429431915283203e+00,5.935998916625976562e+00
7.950000000000000000e+01,5.858346939086914062e+00,5.935877323150634766e+00
8.005999755859375000e+01,5.858247756958007812e+00,5.935859203338623047e+00
8.062000274658203125e+01,5.858500480651855469e+00,5.935970306396484375e+00
8.118000030517578125e+01,5.858235836029052734e+00,5.935945510864257812e+00
8.173999786376953125e+01,5.858333587646484375e+00,5.935800075531005859e+00
8.230000305175781250e+01,5.858227729797363281e+00,5.935802936553955078e+00
8.286000061035156250e+01,5.858269214630126953e+00,5.935730934143066406e+00
8.341999816894531250e+01,5.858185291290283203e+00,5.936012744903564453e+00
8.398000335693359375e+01,5.858098030090332031e+00,5.935946464538574219e+00
8.453500366210937500e+01,5.858349323272705078e+00,5.935788631439208984e+00
8.508999633789062500e+01,5.858145236968994141e+00,5.935724735260009766e+00
8.565000152587890625e+01,5.858191013336181641e+00,5.935890197753906250e+00
8.620999908447265625e+01,5.858104705810546875e+00,5.935854911804199219e+00
8.676999664306640625e+01,5.858342170715332031e+00,5.935869216918945312e+00
8.733000183105468750e+01,5.858228683471679688e+00,5.935753345489501953e+00
8.788999938964843750e+01,5.857981204986572266e+00,5.935824871063232422e+00
8.844999694824218750e+01,5.858174324035644531e+00,5.935774326324462891e+00
8.901999664306640625e+01,5.858031272888183594e+00,5.935988426208496094e+00
8.958999633789062500e+01,5.858305454254150391e+00,5.935670852661132812e+00
9.015000152587890625e+01,5.858316421508789062e+00,5.935653209686279297e+00
9.070999908447265625e+01,5.858293533325195312e+00,5.935649394989013672e+00
9.126999664306640625e+01,5.857973575592041016e+00,5.935777664184570312e+00
9.183000183105468750e+01,5.858090877532958984e+00,5.935755252838134766e+00
9.238999938964843750e+01,5.858025550842285156e+00,5.935767173767089844e+00
9.294999694824218750e+01,5.858115673065185547e+00,5.935614109039306641e+00
9.351000213623046875e+01,5.858114242553710938e+00,5.935706138610839844e+00
9.406999969482421875e+01,5.858078002929687500e+00,5.935647964477539062e+00
9.462999725341796875e+01,5.858043193817138672e+00,5.935676574707031250e+00
9.519000244140625000e+01,5.858043193817138672e+00,5.935592651367187500e+00
9.575000000000000000e+01,5.858075141906738281e+00,5.935516834259033203e+00
9.630500030517578125e+01,5.858308792114257812e+00,5.935579776763916016e+00
9.686000061035156250e+01,5.857966423034667969e+00,5.935626983642578125e+00
9.741999816894531250e+01,5.858049392700195312e+00,5.935683727264404297e+00
9.798000335693359375e+01,5.858100414276123047e+00,5.935664653778076172e+00
9.854000091552734375e+01,5.858059883117675781e+00,5.935684680938720703e+00
9.909999847412109375e+01,5.858090400695800781e+00,5.935470104217529297e+00
9.966000366210937500e+01,5.857974052429199219e+00,5.935632705688476562e+00
1.002200012207031250e+02,5.858067035675048828e+00,5.935419082641601562e+00
1.007799987792968750e+02,5.858059883117675781e+00,5.935636520385742188e+00
1.013399963378906250e+02,5.858159065246582031e+00,5.935499668121337891e+00
1.019000015258789062e+02,5.858045578002929688e+00,5.935312747955322266e+00
1.024599990844726562e+02,5.858119964599609375e+00,5.935424804687500000e+00
1.030199966430664062e+02,5.858075141906738281e+00,5.935532569885253906e+00
1.035800018310546875e+02,5.857964515686035156e+00,5.935600757598876953e+00
1.041399993896484375e+02,5.857896804809570312e+00,5.935462951660156250e+00
1.046999969482421875e+02,5.858130931854248047e+00,5.935531616210937500e+00
1.052600021362304688e+02,5.858001232147216797e+00,5.935578823089599609e+00
1.058199996948242188e+02,5.858147144317626953e+00,5.935454368591308594e+00
1.063799972534179688e+02,5.858045578002929688e+00,5.935454368591308594e+00
1.069400024414062500e+02,5.858110427856445312e+00,5.935498237609863281e+00
1.075000000000000000e+02,5.858163833618164062e+00,5.935240745544433594e+00
1.080599975585937500e+02,5.858009338378906250e+00,5.935374259948730469e+00
1.086200027465820312e+02,5.858117580413818359e+00,5.935601234436035156e+00
1.091800003051757812e+02,5.858058452606201172e+00,5.935503005981445312e+00
1.097399978637695312e+02,5.858221530914306641e+00,5.935312747955322266e+00
1.103000030517578125e+02,5.858083724975585938e+00,5.935337543487548828e+00
1.108600006103515625e+02,5.858054161071777344e+00,5.935623645782470703e+00
1.114199981689453125e+02,5.858026027679443359e+00,5.935531139373779297e+00
1.119800033569335938e+02,5.858078002929687500e+00,5.935577392578125000e+00
1.125400009155273438e+02,5.857995986938476562e+00,5.935411930084228516e+00
1.130999984741210938e+02,5.858118057250976562e+00,5.935523986816406250e+00
1.136600036621093750e+02,5.858098030090332031e+00,5.935755252838134766e+00
1.142200012207031250e+02,5.858010292053222656e+00,5.935563087463378906e+00
1.147799987792968750e+02,5.857935905456542969e+00,5.935603141784667969e+00
1.153349990844726562e+02,5.858203887939453125e+00,5.935578823089599609e+00
1.158899993896484375e+02,5.858163833618164062e+00,5.935592651367187500e+00
1.164499969482421875e+02,5.858041286468505859e+00,5.935588836669921875e+00
1.170100021362304688e+02,5.858095169067382812e+00,5.935547828674316406e+00
1.175699996948242188e+02,5.858033657073974609e+00,5.935540676116943359e+00
1.181299972534179688e+02,5.857959270477294922e+00,5.935787200927734375e+00
1.186900024414062500e+02,5.858176708221435547e+00,5.935673236846923828e+00
1.192500000000000000e+02,5.858183860778808594e+00,5.935834884643554688e+00
1.198099975585937500e+02,5.858180046081542969e+00,5.935621261596679688e+00
1.203700027465820312e+02,5.858132839202880859e+00,5.935708522796630859e+00
1.209300003051757812e+02,5.858191013336181641e+00,5.935613632202148438e+00
1.215000000000000000e+02,5.858197212219238281e+00,5.935670852661132812e+00
1.220699996948242188e+02,5.858290195465087891e+00,5.935650348663330078e+00
1.226200027465820312e+02,5.858220577239990234e+00,5.935685634613037109e+00
1.231800003051757812e+02,5.858180046081542969e+00,5.935628414154052734e+00
1.237500000000000000e+02,5.858235836029052734e+00,5.935714244842529297e+00
1.243099975585937500e+02,5.858194828033447266e+00,5.935770034790039062e+00
1.248700027465820312e+02,5.858054161071777344e+00,5.935877323150634766e+00
1.254300003051757812e+02,5.858200073242187500e+00,5.935747146606445312e+00
1.259899978637695312e+02,5.858241558074951172e+00,5.935606002807617188e+00
1.265500030517578125e+02,5.858209609985351562e+00,5.935798168182373047e+00
1.271050033569335938e+02,5.858283042907714844e+00,5.935738086700439453e+00
1.276600036621093750e+02,5.857923984527587891e+00,5.936001300811767578e+00
1.282200012207031250e+02,5.858180046081542969e+00,5.935676574707031250e+00
1.287799987792968750e+02,5.858293533325195312e+00,5.935672760009765625e+00
1.293399963378906250e+02,5.858279228210449219e+00,5.935770034790039062e+00
1.298999938964843750e+02,5.858285427093505859e+00,5.935774803161621094e+00
1.304600067138671875e+02,5.858180046081542969e+00,5.935787677764892578e+00
1.310200042724609375e+02,5.858175754547119141e+00,5.935866355895996094e+00
1.315800018310546875e+02,5.858175754547119141e+00,5.936075210571289062e+00
1.321399993896484375e+02,5.858304023742675781e+00,5.935989379882812500e+00
1.326999969482421875e+02,5.858288764953613281e+00,5.935883998870849609e+00
1.332599945068359375e+02,5.858215808868408203e+00,5.935998439788818359e+00
1.338200073242187500e+02,5.858330249786376953e+00,5.935733318328857422e+00
1.343800048828125000e+02,5.858487129211425781e+00,5.935849666595458984e+00
1.349400024414062500e+02,5.858346939086914062e+00,5.935932636260986328e+00
1.355000000000000000e+02,5.858326911926269531e+00,5.935971736907958984e+00
1.360599975585937500e+02,5.858369350433349609e+00,5.935990333557128906e+00
1.366199951171875000e+02,5.858353614807128906e+00,5.935891628265380859e+00
1.371799926757812500e+02,5.858423233032226562e+00,5.936016559600830078e+00
1.377400054931640625e+02,5.858387947082519531e+00,5.935970306396484375e+00
1.383000030517578125e+02,5.858410358428955078e+00,5.935943603515625000e+00
1.388600006103515625e+02,5.858540058135986328e+00,5.935974121093750000e+00
1.394199981689453125e+02,5.858435153961181641e+00,5.936151027679443359e+00
1.399799957275390625e+02,5.858473300933837891e+00,5.936035633087158203e+00
1.405449981689453125e+02,5.858335971832275391e+00,5.936071872711181641e+00
1.411100006103515625e+02,5.858217239379882812e+00,5.936262130737304688e+00
1.416699981689453125e+02,5.858475685119628906e+00,5.936133384704589844e+00
1.422250061035156250e+02,5.858504772186279297e+00,5.936006069183349609e+00
1.427850036621093750e+02,5.858398914337158203e+00,5.936003208160400391e+00
1.433500061035156250e+02,5.858534336090087891e+00,5.936159133911132812e+00
1.439049987792968750e+02,5.858462333679199219e+00,5.936199188232421875e+00
1.444600067138671875e+02,5.858559131622314453e+00,5.936234474182128906e+00
1.450200042724609375e+02,5.858265399932861328e+00,5.936214447021484375e+00
1.455850067138671875e+02,5.858642101287841797e+00,5.936058044433593750e+00
1.461499938964843750e+02,5.858423233032226562e+00,5.936214447021484375e+00
1.467100067138671875e+02,5.858351707458496094e+00,5.936304569244384766e+00
1.472700042724609375e+02,5.858615875244140625e+00,5.936186313629150391e+00
1.478300018310546875e+02,5.858567237854003906e+00,5.936230182647705078e+00
1.483899993896484375e+02,5.858501434326171875e+00,5.936253547668457031e+00
1.489499969482421875e+02,5.858425617218017578e+00,5.936397552490234375e+00
1.495099945068359375e+02,5.858368873596191406e+00,5.936512470245361328e+00
1.500700073242187500e+02,5.858587741851806641e+00,5.936301231384277344e+00
1.506300048828125000e+02,5.858502864837646484e+00,5.936236858367919922e+00
1.511900024414062500e+02,5.858554840087890625e+00,5.936251640319824219e+00
1.517500000000000000e+02,5.858514308929443359e+00,5.936323642730712891e+00
1.523099975585937500e+02,5.858594417572021484e+00,5.936307907104492188e+00
1.528699951171875000e+02,5.858647823333740234e+00,5.936480522155761719e+00
1.534299926757812500e+02,5.858798980712890625e+00,5.936398029327392578e+00
1.539900054931640625e+02,5.858833312988281250e+00,5.936418056488037109e+00
1.545500030517578125e+02,5.858403682708740234e+00,5.936598300933837891e+00
1.551100006103515625e+02,5.858629226684570312e+00,5.936380863189697266e+00
1.556699981689453125e+02,5.858549594879150391e+00,5.936450004577636719e+00
1.562299957275390625e+02,5.858606815338134766e+00,5.936447143554687500e+00
1.567899932861328125e+02,5.858710289001464844e+00,5.936370372772216797e+00
1.573500061035156250e+02,5.858810901641845703e+00,5.936410903930664062e+00
1.579049987792968750e+02,5.858882904052734375e+00,5.936361312866210938e+00
1.584600067138671875e+02,5.858587265014648438e+00,5.936588764190673828e+00
1.590200042724609375e+02,5.858727931976318359e+00,5.936411857604980469e+00
1.595800018310546875e+02,5.858774185180664062e+00,5.936317443847656250e+00
1.601399993896484375e+02,5.858669281005859375e+00,5.936683177947998047e+00
1.606999969482421875e+02,5.858661651611328125e+00,5.936447620391845703e+00
1.612599945068359375e+02,5.858756065368652344e+00,5.936398983001708984e+00
1.618200073242187500e+02,5.858881473541259766e+00,5.936483860015869141e+00
1.623800048828125000e+02,5.858724594116210938e+00,5.936568737030029297e+00
1.629400024414062500e+02,5.858868598937988281e+00,5.936554908752441406e+00
1.635000000000000000e+02,5.858763694763183594e+00,5.936430454254150391e+00
1.640599975585937500e+02,5.858671665191650391e+00,5.936474323272705078e+00
1.646199951171875000e+02,5.858798027038574219e+00,5.936743259429931641e+00
1.651900024414062500e+02,5.858905315399169922e+00,5.936691761016845703e+00
1.657599945068359375e+02,5.858717441558837891e+00,5.936614990234375000e+00
1.663200073242187500e+02,5.858774185180664062e+00,5.936604022979736328e+00
1.668800048828125000e+02,5.858840465545654297e+00,5.936646938323974609e+00
1.674400024414062500e+02,5.858891010284423828e+00,5.936724662780761719e+00
1.680000000000000000e+02,5.858650207519531250e+00,5.936798095703125000e+00
1.685599975585937500e+02,5.858748435974121094e+00,5.936671257019042969e+00
1.691199951171875000e+02,5.858922958374023438e+00,5.936686992645263672e+00
1.696750030517578125e+02,5.858780860900878906e+00,5.936653614044189453e+00
1.702299957275390625e+02,5.858854293823242188e+00,5.936611175537109375e+00
1.707899932861328125e+02,5.858874320983886719e+00,5.936709403991699219e+00
1.713500061035156250e+02,5.858995914459228516e+00,5.936670303344726562e+00
1.719100036621093750e+02,5.858842849731445312e+00,5.936676025390625000e+00
1.724700012207031250e+02,5.858871936798095703e+00,5.936762809753417969e+00
1.730299987792968750e+02,5.859001636505126953e+00,5.936666011810302734e+00
1.735899963378906250e+02,5.858905315399169922e+00,5.936771869659423828e+00
1.741499938964843750e+02,5.858698368072509766e+00,5.936686992645263672e+00
1.747100067138671875e+02,5.858942031860351562e+00,5.936811923980712891e+00
1.752700042724609375e+02,5.858865261077880859e+00,5.936719894409179688e+00
1.758300018310546875e+02,5.858999729156494141e+00,5.936679840087890625e+00
1.763899993896484375e+02,5.859096050262451172e+00,5.936669349670410156e+00
1.769499969482421875e+02,5.858806133270263672e+00,5.936762332916259766e+00
1.775099945068359375e+02,5.858990192413330078e+00,5.936841487884521484e+00
1.780700073242187500e+02,5.859035968780517578e+00,5.936759948730468750e+00
1.786300048828125000e+02,5.858919620513916016e+00,5.936799049377441406e+00
1.791900024414062500e+02,5.858807086944580078e+00,5.936770915985107422e+00
1.797500000000000000e+02,5.858810424804687500e+00,5.936880588531494141e+00
1.803099975585937500e+02,5.858943939208984375e+00,5.936802387237548828e+00
1.808699951171875000e+02,5.858991622924804688e+00,5.936741352081298828e+00
1.814299926757812500e+02,5.858918190002441406e+00,5.936818122863769531e+00
1.819900054931640625e+02,5.859058380126953125e+00,5.936751842498779297e+00
1.825500030517578125e+02,5.858860492706298828e+00,5.936755657196044922e+00
1.831100006103515625e+02,5.858876705169677734e+00,5.936905384063720703e+00
1.836699981689453125e+02,5.858759880065917969e+00,5.936841487884521484e+00
1.842299957275390625e+02,5.859078407287597656e+00,5.936990261077880859e+00
1.847899932861328125e+02,5.858992576599121094e+00,5.936826229095458984e+00
1.853500061035156250e+02,5.858929634094238281e+00,5.936910152435302734e+00
1.859100036621093750e+02,5.858952045440673828e+00,5.936964035034179688e+00
1.864700012207031250e+02,5.858994960784912109e+00,5.936851024627685547e+00
1.870299987792968750e+02,5.858960628509521484e+00,5.936963081359863281e+00
1.875950012207031250e+02,5.858943939208984375e+00,5.936817646026611328e+00
1.881600036621093750e+02,5.858990192413330078e+00,5.936807632446289062e+00
1.887200012207031250e+02,5.859079837799072266e+00,5.936934947967529297e+00
1.892700042724609375e+02,5.858994960784912109e+00,5.936844825744628906e+00
1.898200073242187500e+02,5.859062194824218750e+00,5.936982154846191406e+00
1.903899993896484375e+02,5.859187126159667969e+00,5.936814308166503906e+00
1.909600067138671875e+02,5.859012603759765625e+00,5.936943054199218750e+00
1.915200042724609375e+02,5.859092712402343750e+00,5.936951637268066406e+00
1.920800018310546875e+02,5.858919143676757812e+00,5.936853408813476562e+00
1.926300048828125000e+02,5.859131813049316406e+00,5.936895847320556641e+00
1.931900024414062500e+02,5.858947277069091797e+00,5.937022209167480469e+00
1.937599945068359375e+02,5.858924865722656250e+00,5.937012672424316406e+00
1.943099975585937500e+02,5.859140872955322266e+00,5.936813354492187500e+00
1.948699951171875000e+02,5.858973503112792969e+00,5.936799049377441406e+00
1.954299926757812500e+02,5.859086990356445312e+00,5.936989307403564453e+00
1.959900054931640625e+02,5.859028816223144531e+00,5.937009334564208984e+00
1.965599975585937500e+02,5.859054088592529297e+00,5.936881542205810547e+00
1.971199951171875000e+02,5.859141349792480469e+00,5.936813354492187500e+00
1.976799926757812500e+02,5.858996868133544922e+00,5.936931610107421875e+00
1.982400054931640625e+02,5.859066963195800781e+00,5.937004566192626953e+00
1.988000030517578125e+02,5.859099864959716797e+00,5.936965465545654297e+00
1.993600006103515625e+02,5.859152793884277344e+00,5.936841487884521484e+00
1.999149932861328125e+02,5.859113216400146484e+00,5.936952590942382812e+00
2.004700012207031250e+02,5.858975887298583984e+00,5.936946392059326172e+00
2.010299987792968750e+02,5.859012603759765625e+00,5.936897277832031250e+00
2.015899963378906250e+02,5.859027862548828125e+00,5.936975955963134766e+00
2.021499938964843750e+02,5.859143257141113281e+00,5.936816692352294922e+00
2.027100067138671875e+02,5.859118938446044922e+00,5.936923027038574219e+00
2.032700042724609375e+02,5.859119892120361328e+00,5.937056064605712891e+00
2.038300018310546875e+02,5.859113216400146484e+00,5.936991214752197266e+00
2.043899993896484375e+02,5.858946323394775391e+00,5.936935901641845703e+00
2.049499969482421875e+02,5.859182834625244141e+00,5.936926364898681641e+00
2.055099945068359375e+02,5.859034061431884766e+00,5.936934471130371094e+00
2.060700073242187500e+02,5.859187602996826172e+00,5.936894893646240234e+00
2.066300048828125000e+02,5.859047889709472656e+00,5.936977386474609375e+00
2.071900024414062500e+02,5.859012603759765625e+00,5.936940670013427734e+00
2.077500000000000000e+02,5.859076499938964844e+00,5.937064647674560547e+00
2.083099975585937500e+02,5.859002113342285156e+00,5.936979770660400391e+00
2.088699951171875000e+02,5.859065532684326172e+00,5.936937332153320312e+00
2.094299926757812500e+02,5.859051704406738281e+00,5.937025547027587891e+00
2.099900054931640625e+02,5.859178066253662109e+00,5.936951160430908203e+00
2.105500030517578125e+02,5.858991622924804688e+00,5.936987876892089844e+00
2.111100006103515625e+02,5.859098434448242188e+00,5.936935901641845703e+00
2.116699981689453125e+02,5.859038829803466797e+00,5.936988830566406250e+00
2.122299957275390625e+02,5.858947277069091797e+00,5.937085628509521484e+00
2.127949981689453125e+02,5.859043121337890625e+00,5.936983108520507812e+00
2.133800048828125000e+02,5.859159946441650391e+00,5.937018871307373047e+00
2.139600067138671875e+02,5.859081268310546875e+00,5.936958312988281250e+00
2.145200042724609375e+02,5.859063625335693359e+00,5.936998367309570312e+00
2.150800018310546875e+02,5.859098911285400391e+00,5.936898231506347656e+00
2.156349945068359375e+02,5.858962059020996094e+00,5.937096595764160156e+00
2.161900024414062500e+02,5.859143733978271484e+00,5.936945438385009766e+00
2.167700042724609375e+02,5.859220504760742188e+00,5.936903953552246094e+00
2.173500061035156250e+02,5.859060764312744141e+00,5.936895847320556641e+00
2.179100036621093750e+02,5.859111785888671875e+00,5.936996459960937500e+00
2.184700012207031250e+02,5.859095096588134766e+00,5.937031269073486328e+00
2.190299987792968750e+02,5.858911037445068359e+00,5.937088012695312500e+00
2.195950012207031250e+02,5.859142303466796875e+00,5.936889648437500000e+00
2.201750030517578125e+02,5.859058380126953125e+00,5.937001228332519531e+00
2.207599945068359375e+02,5.859183788299560547e+00,5.936867713928222656e+00
2.213200073242187500e+02,5.859058380126953125e+00,5.936995983123779297e+00
2.218699951171875000e+02,5.859079837799072266e+00,5.936918258666992188e+00
2.224299926757812500e+02,5.859202384948730469e+00,5.936902046203613281e+00
2.230000000000000000e+02,5.859109401702880859e+00,5.936914443969726562e+00
2.235700073242187500e+02,5.859121322631835938e+00,5.936937332153320312e+00
2.241300048828125000e+02,5.859175205230712891e+00,5.936827182769775391e+00
2.246900024414062500e+02,5.859081268310546875e+00,5.937025547027587891e+00
2.252500000000000000e+02,5.859099864959716797e+00,5.936902046203613281e+00
2.258099975585937500e+02,5.859053611755371094e+00,5.936892032623291016e+00
2.263849945068359375e+02,5.859038352966308594e+00,5.936914920806884766e+00
2.269600067138671875e+02,5.859120845794677734e+00,5.936919689178466797e+00
2.275200042724609375e+02,5.859130382537841797e+00,5.936950206756591797e+00
2.280800018310546875e+02,5.859129428863525391e+00,5.936897277832031250e+00
2.286399993896484375e+02,5.859069347381591797e+00,5.936941623687744141e+00
2.291999969482421875e+02,5.859220027923583984e+00,5.936950206756591797e+00
2.297599945068359375e+02,5.859099864959716797e+00,5.936974048614501953e+00
2.303200073242187500e+02,5.859140872955322266e+00,5.936949253082275391e+00
2.308750000000000000e+02,5.859098911285400391e+00,5.936912059783935547e+00
2.314299926757812500e+02,5.859195709228515625e+00,5.936906814575195312e+00
2.319900054931640625e+02,5.858943939208984375e+00,5.937043666839599609e+00
2.325500030517578125e+02,5.859136581420898438e+00,5.937009334564208984e+00
2.331100006103515625e+02,5.859130859375000000e+00,5.936998367309570312e+00
2.336799926757812500e+02,5.858991146087646484e+00,5.937073230743408203e+00
2.342400054931640625e+02,5.859148025512695312e+00,5.936933517456054688e+00
2.347899932861328125e+02,5.859009265899658203e+00,5.936931610107421875e+00
2.353750000000000000e+02,5.858937263488769531e+00,5.936991691589355469e+00
2.359855041503906250e+02,5.858974933624267578e+00,5.936910152435302734e+00
2.365610046386718750e+02,5.859124660491943359e+00,5.937001228332519531e+00
2.371109924316406250e+02,5.859017372131347656e+00,5.936921596527099609e+00
2.376710052490234375e+02,5.858968734741210938e+00,5.936867237091064453e+00
2.382310028076171875e+02,5.859077453613281250e+00,5.936947822570800781e+00
2.388009948730468750e+02,5.859123706817626953e+00,5.936890125274658203e+00
2.393710021972656250e+02,5.859108448028564453e+00,5.936963081359863281e+00
2.399309997558593750e+02,5.859081268310546875e+00,5.936916828155517578e+00
2.404909973144531250e+02,5.859035968780517578e+00,5.936931610107421875e+00
2.410410003662109375e+02,5.858967781066894531e+00,5.936921596527099609e+00
2.416009979248046875e+02,5.859118461608886719e+00,5.936966419219970703e+00
2.421710052490234375e+02,5.858963966369628906e+00,5.936968803405761719e+00
2.427259979248046875e+02,5.859156608581542969e+00,5.936795711517333984e+00
2.432810058593750000e+02,5.859080791473388672e+00,5.936882019042968750e+00
2.438410034179687500e+02,5.859109401702880859e+00,5.936800479888916016e+00
2.444010009765625000e+02,5.858917236328125000e+00,5.936830043792724609e+00
2.449810028076171875e+02,5.858840465545654297e+00,5.936893463134765625e+00
2.455809936523437500e+02,5.858983993530273438e+00,5.936996459960937500e+00
2.461609954833984375e+02,5.859086990356445312e+00,5.936856746673583984e+00
2.467209930419921875e+02,5.858938217163085938e+00,5.936875820159912109e+00
2.472810058593750000e+02,5.858898162841796875e+00,5.937014102935791016e+00
2.478410034179687500e+02,5.859082221984863281e+00,5.936870098114013672e+00
2.484010009765625000e+02,5.859003067016601562e+00,5.936880588531494141e+00
2.489759979248046875e+02,5.859038352966308594e+00,5.936735630035400391e+00
2.495509948730468750e+02,5.859038352966308594e+00,5.936800479888916016e+00
2.501109924316406250e+02,5.858925342559814453e+00,5.936870098114013672e+00
2.506710052490234375e+02,5.859019756317138672e+00,5.936832427978515625e+00
2.512310028076171875e+02,5.858921527862548828e+00,5.936926364898681641e+00
2.518009948730468750e+02,5.859087944030761719e+00,5.936640739440917969e+00
2.523959960937500000e+02,5.859063148498535156e+00,5.936758995056152344e+00
2.529960021972656250e+02,5.858945369720458984e+00,5.936775207519531250e+00
2.535859985351562500e+02,5.859074115753173828e+00,5.936817646026611328e+00
2.541860046386718750e+02,5.858982086181640625e+00,5.936890125274658203e+00
2.547859954833984375e+02,5.859014034271240234e+00,5.936790466308593750e+00
2.553860015869140625e+02,5.858731269836425781e+00,5.936881542205810547e+00
2.559859924316406250e+02,5.858960628509521484e+00,5.936655044555664062e+00
2.565859985351562500e+02,5.858994960784912109e+00,5.936752796173095703e+00
2.571910095214843750e+02,5.858853340148925781e+00,5.936807155609130859e+00
2.577909851074218750e+02,5.858923912048339844e+00,5.936849594116210938e+00
2.583659973144531250e+02,5.858784675598144531e+00,5.936688423156738281e+00
2.589209899902343750e+02,5.859013557434082031e+00,5.936873435974121094e+00
2.594809875488281250e+02,5.858803272247314453e+00,5.936821460723876953e+00
2.600409851074218750e+02,5.858914375305175781e+00,5.936697483062744141e+00
2.606010131835937500e+02,5.858884811401367188e+00,5.936710357666015625e+00
2.611860046386718750e+02,5.858853340148925781e+00,5.936683177947998047e+00
2.617860107421875000e+02,5.859050273895263672e+00,5.936644554138183594e+00
2.623859863281250000e+02,5.858954906463623047e+00,5.936664581298828125e+00
2.629859924316406250e+02,5.858979701995849609e+00,5.936625480651855469e+00
2.635859985351562500e+02,5.858933448791503906e+00,5.936583042144775391e+00
2.641860046386718750e+02,5.858934402465820312e+00,5.936764717102050781e+00
2.647860107421875000e+02,5.858779907226562500e+00,5.936457633972167969e+00
2.653859863281250000e+02,5.858819961547851562e+00,5.936652660369873047e+00
2.659760131835937500e+02,5.858936786651611328e+00,5.936593532562255859e+00
2.665509948730468750e+02,5.858957290649414062e+00,5.936480045318603516e+00
2.671109924316406250e+02,5.858932495117187500e+00,5.936574935913085938e+00
2.676709899902343750e+02,5.858708858489990234e+00,5.936802864074707031e+00
2.682309875488281250e+02,5.858911037445068359e+00,5.936549663543701172e+00
2.688009948730468750e+02,5.858736038208007812e+00,5.936724662780761719e+00
2.693859863281250000e+02,5.858871936798095703e+00,5.936599254608154297e+00
2.699859924316406250e+02,5.858819007873535156e+00,5.936591625213623047e+00
2.705710144042968750e+02,5.859014987945556641e+00,5.936524868011474609e+00
2.711310119628906250e+02,5.858743667602539062e+00,5.936632633209228516e+00
2.716910095214843750e+02,5.858592510223388672e+00,5.936688423156738281e+00
2.722510070800781250e+02,5.858626365661621094e+00,5.936752796173095703e+00
2.728110046386718750e+02,5.858827114105224609e+00,5.936401367187500000e+00
2.733909912109375000e+02,5.858783721923828125e+00,5.936411857604980469e+00
2.739960021972656250e+02,5.858735084533691406e+00,5.936422824859619141e+00
2.745910034179687500e+02,5.858751773834228516e+00,5.936462879180908203e+00
2.751610107421875000e+02,5.858828544616699219e+00,5.936318874359130859e+00
2.757210083007812500e+02,5.858986377716064453e+00,5.936311244964599609e+00
2.762810058593750000e+02,5.858837604522705078e+00,5.936557292938232422e+00
2.768410034179687500e+02,5.858627796173095703e+00,5.936641216278076172e+00
2.774060058593750000e+02,5.858869552612304688e+00,5.936326026916503906e+00
2.779859924316406250e+02,5.858708858489990234e+00,5.936394214630126953e+00
2.785759887695312500e+02,5.858775615692138672e+00,5.936392784118652344e+00
2.791510009765625000e+02,5.858671188354492188e+00,5.936522960662841797e+00
2.797109985351562500e+02,5.858560562133789062e+00,5.936452865600585938e+00
2.802709960937500000e+02,5.858721256256103516e+00,5.936461448669433594e+00
2.808309936523437500e+02,5.858706951141357422e+00,5.936413288116455078e+00
2.814010009765625000e+02,5.858774185180664062e+00,5.936326980590820312e+00
2.819960021972656250e+02,5.858523845672607422e+00,5.936457633972167969e+00
2.825960083007812500e+02,5.858731746673583984e+00,5.936227798461914062e+00
2.831960144042968750e+02,5.858542442321777344e+00,5.936495780944824219e+00
2.837959899902343750e+02,5.858647823333740234e+00,5.936370849609375000e+00
2.843959960937500000e+02,5.858776569366455078e+00,5.936306953430175781e+00
2.850010070800781250e+02,5.858690261840820312e+00,5.936123847961425781e+00
2.856010131835937500e+02,5.858657360076904297e+00,5.936162471771240234e+00
2.861960144042968750e+02,5.858475208282470703e+00,5.936305522918701172e+00
2.867709960937500000e+02,5.858625411987304688e+00,5.936271667480468750e+00
2.873309936523437500e+02,5.858546257019042969e+00,5.936189651489257812e+00
