# T/s , fs/MHz , fp/MHz
6.568809814453125000e+02,5.858704566955566406e+00,5.936286926269531250e+00
6.574409790039062500e+02,5.858704566955566406e+00,5.936325550079345703e+00
6.580009765625000000e+02,5.858609676361083984e+00,5.936343669891357422e+00
6.585609741210937500e+02,5.858716487884521484e+00,5.936226844787597656e+00
6.591209716796875000e+02,5.858750343322753906e+00,5.936286449432373047e+00
6.596810302734375000e+02,5.858736515045166016e+00,5.936204433441162109e+00
6.602410278320312500e+02,5.858662128448486328e+00,5.936375617980957031e+00
6.608010253906250000e+02,5.858747959136962891e+00,5.936266899108886719e+00
6.613610229492187500e+02,5.858711719512939453e+00,5.936264514923095703e+00
6.619210205078125000e+02,5.858495235443115234e+00,5.936295032501220703e+00
6.624810180664062500e+02,5.858691215515136719e+00,5.936207771301269531e+00
6.630410156250000000e+02,5.858641624450683594e+00,5.936213493347167969e+00
6.636060180664062500e+02,5.858648777008056641e+00,5.936295986175537109e+00
6.641660156250000000e+02,5.858588695526123047e+00,5.936435222625732422e+00
6.647210083007812500e+02,5.858671665191650391e+00,5.936264514923095703e+00
6.652760009765625000e+02,5.858691692352294922e+00,5.936234474182128906e+00
6.658309936523437500e+02,5.858508586883544922e+00,5.936350345611572266e+00
6.663909912109375000e+02,5.858531951904296875e+00,5.936278820037841797e+00
6.669509887695312500e+02,5.858481407165527344e+00,5.936359882354736328e+00
6.675109863281250000e+02,5.858671665191650391e+00,5.936271667480468750e+00
6.680709838867187500e+02,5.858647823333740234e+00,5.936265468597412109e+00
6.686309814453125000e+02,5.858760833740234375e+00,5.936182975769042969e+00
6.691909790039062500e+02,5.858540534973144531e+00,5.936344623565673828e+00
6.697509765625000000e+02,5.858648777008056641e+00,5.936239242553710938e+00
6.703109741210937500e+02,5.858684062957763672e+00,5.936194896697998047e+00
6.708709716796875000e+02,5.858552455902099609e+00,5.936395168304443359e+00
6.714310302734375000e+02,5.858684062957763672e+00,5.936244487762451172e+00
6.719910278320312500e+02,5.858810901641845703e+00,5.936210155487060547e+00
6.725510253906250000e+02,5.858623981475830078e+00,5.936326980590820312e+00
6.731110229492187500e+02,5.858646392822265625e+00,5.936242103576660156e+00
6.736710205078125000e+02,5.858770847320556641e+00,5.936404705047607422e+00
6.742310180664062500e+02,5.858717441558837891e+00,5.936193466186523438e+00
6.747910156250000000e+02,5.858653545379638672e+00,5.936363697052001953e+00
6.753510131835937500e+02,5.858787059783935547e+00,5.936350822448730469e+00
6.759210205078125000e+02,5.858826160430908203e+00,5.936448574066162109e+00
6.764860229492187500e+02,5.858860492706298828e+00,5.936111927032470703e+00
6.770410156250000000e+02,5.858559131622314453e+00,5.936428546905517578e+00
6.776010131835937500e+02,5.858727931976318359e+00,5.936310291290283203e+00
6.781610107421875000e+02,5.858650207519531250e+00,5.936270236968994141e+00
6.787210083007812500e+02,5.858833312988281250e+00,5.936375141143798828e+00
6.792810058593750000e+02,5.858704566955566406e+00,5.936409473419189453e+00
6.798410034179687500e+02,5.858700752258300781e+00,5.936365604400634766e+00
6.804010009765625000e+02,5.858716011047363281e+00,5.936292648315429688e+00
6.809609985351562500e+02,5.858599185943603516e+00,5.936596870422363281e+00
6.815209960937500000e+02,5.858788013458251953e+00,5.936253547668457031e+00
6.820809936523437500e+02,5.858763217926025391e+00,5.936410427093505859e+00
6.826409912109375000e+02,5.858737468719482422e+00,5.936305522918701172e+00
6.832009887695312500e+02,5.858771800994873047e+00,5.936318874359130859e+00
6.837609863281250000e+02,5.858763217926025391e+00,5.936410903930664062e+00
6.843209838867187500e+02,5.858660697937011719e+00,5.936608791351318359e+00
6.848809814453125000e+02,5.858894824981689453e+00,5.936381340026855469e+00
6.854409790039062500e+02,5.858868598937988281e+00,5.936355113983154297e+00
6.860009765625000000e+02,5.858685493469238281e+00,5.936409473419189453e+00
6.865609741210937500e+02,5.858691215515136719e+00,5.936525344848632812e+00
6.871209716796875000e+02,5.858794212341308594e+00,5.936413288116455078e+00
6.876810302734375000e+02,5.858744621276855469e+00,5.936332702636718750e+00
6.882410278320312500e+02,5.858731269836425781e+00,5.936392784118652344e+00
6.888010253906250000e+02,5.858855724334716797e+00,5.936389446258544922e+00
6.893610229492187500e+02,5.858902931213378906e+00,5.936325550079345703e+00
6.899210205078125000e+02,5.858731269836425781e+00,5.936504840850830078e+00
6.904810180664062500e+02,5.858816623687744141e+00,5.936330318450927734e+00
6.910410156250000000e+02,5.858995914459228516e+00,5.936356544494628906e+00
6.916010131835937500e+02,5.858954906463623047e+00,5.936344623565673828e+00
6.921610107421875000e+02,5.858894824981689453e+00,5.936452865600585938e+00
6.927210083007812500e+02,5.858703613281250000e+00,5.936580657958984375e+00
6.932810058593750000e+02,5.858911991119384766e+00,5.936604022979736328e+00
6.938410034179687500e+02,5.859123229980468750e+00,5.936377525329589844e+00
6.944010009765625000e+02,5.858823776245117188e+00,5.936489582061767578e+00
6.949559936523437500e+02,5.858960628509521484e+00,5.936443805694580078e+00
6.955159912109375000e+02,5.858664035797119141e+00,5.936678886413574219e+00
6.960759887695312500e+02,5.858694076538085938e+00,5.936616420745849609e+00
6.966309814453125000e+02,5.858798980712890625e+00,5.936584472656250000e+00
6.971909790039062500e+02,5.858767986297607422e+00,5.936479091644287109e+00
6.977509765625000000e+02,5.858748435974121094e+00,5.936681270599365234e+00
6.983209838867187500e+02,5.858741283416748047e+00,5.936647891998291016e+00
6.988809814453125000e+02,5.858737468719482422e+00,5.936559200286865234e+00
6.994310302734375000e+02,5.858905315399169922e+00,5.936645507812500000e+00
6.999910278320312500e+02,5.858824729919433594e+00,5.936531066894531250e+00
7.005609741210937500e+02,5.858852863311767578e+00,5.936582088470458984e+00
7.011209716796875000e+02,5.858905315399169922e+00,5.936622142791748047e+00
7.016710205078125000e+02,5.858922004699707031e+00,5.936667919158935547e+00
7.022310180664062500e+02,5.859019756317138672e+00,5.936661243438720703e+00
7.027910156250000000e+02,5.858857631683349609e+00,5.936587810516357422e+00
7.033510131835937500e+02,5.858987808227539062e+00,5.936455249786376953e+00
7.039110107421875000e+02,5.858794212341308594e+00,5.936533451080322266e+00
7.044710083007812500e+02,5.858924865722656250e+00,5.936658859252929688e+00
7.050310058593750000e+02,5.858891963958740234e+00,5.936674118041992188e+00
7.055960083007812500e+02,5.859049320220947266e+00,5.936538219451904297e+00
7.061610107421875000e+02,5.858902454376220703e+00,5.936563968658447266e+00
7.067160034179687500e+02,5.859000682830810547e+00,5.936663150787353516e+00
7.072709960937500000e+02,5.859045505523681641e+00,5.936611652374267578e+00
7.078359985351562500e+02,5.858973503112792969e+00,5.936547756195068359e+00
7.084010009765625000e+02,5.859020709991455078e+00,5.936591625213623047e+00
7.089559936523437500e+02,5.858961582183837891e+00,5.936690807342529297e+00
7.095159912109375000e+02,5.859073638916015625e+00,5.936583042144775391e+00
7.100809936523437500e+02,5.858897209167480469e+00,5.936770915985107422e+00
7.106409912109375000e+02,5.858962059020996094e+00,5.936728000640869141e+00
7.112009887695312500e+02,5.858940601348876953e+00,5.936630249023437500e+00
7.117609863281250000e+02,5.858861446380615234e+00,5.936678409576416016e+00
7.123209838867187500e+02,5.859121322631835938e+00,5.936533451080322266e+00
7.128809814453125000e+02,5.858904838562011719e+00,5.936699867248535156e+00
7.134409790039062500e+02,5.858913421630859375e+00,5.936641216278076172e+00
7.140009765625000000e+02,5.858913421630859375e+00,5.936728477478027344e+00
7.145609741210937500e+02,5.859130859375000000e+00,5.936724662780761719e+00
7.151209716796875000e+02,5.859118938446044922e+00,5.936674118041992188e+00
7.156810302734375000e+02,5.858927249908447266e+00,5.936764717102050781e+00
7.162410278320312500e+02,5.859014987945556641e+00,5.936770439147949219e+00
7.168010253906250000e+02,5.859103679656982422e+00,5.936739921569824219e+00
7.173610229492187500e+02,5.859067916870117188e+00,5.936743259429931641e+00
7.179210205078125000e+02,5.859034061431884766e+00,5.936753273010253906e+00
7.184810180664062500e+02,5.859135627746582031e+00,5.936644554138183594e+00
7.190410156250000000e+02,5.859036445617675781e+00,5.936663627624511719e+00
7.196010131835937500e+02,5.859003067016601562e+00,5.936762332916259766e+00
7.201610107421875000e+02,5.859146118164062500e+00,5.936676502227783203e+00
7.207210083007812500e+02,5.859082221984863281e+00,5.936822414398193359e+00
7.212810058593750000e+02,5.859075069427490234e+00,5.936834812164306641e+00
7.218410034179687500e+02,5.859084606170654297e+00,5.936830997467041016e+00
7.224010009765625000e+02,5.859003067016601562e+00,5.936666011810302734e+00
7.229609985351562500e+02,5.859007835388183594e+00,5.936859607696533203e+00
7.235209960937500000e+02,5.859144687652587891e+00,5.936655044555664062e+00
7.240809936523437500e+02,5.858947753906250000e+00,5.936757564544677734e+00
7.246359863281250000e+02,5.859108448028564453e+00,5.936743736267089844e+00
7.251909790039062500e+02,5.859258174896240234e+00,5.936684608459472656e+00
7.257509765625000000e+02,5.858953475952148438e+00,5.936725616455078125e+00
7.263109741210937500e+02,5.859235763549804688e+00,5.936840057373046875e+00
7.268709716796875000e+02,5.859068870544433594e+00,5.936834335327148438e+00
7.274310302734375000e+02,5.859103202819824219e+00,5.936830997467041016e+00
7.279910278320312500e+02,5.858963966369628906e+00,5.936787128448486328e+00
7.285510253906250000e+02,5.859097480773925781e+00,5.936881542205810547e+00
7.291110229492187500e+02,5.859169483184814453e+00,5.936813354492187500e+00
7.296710205078125000e+02,5.859171867370605469e+00,5.936712741851806641e+00
7.302310180664062500e+02,5.859304428100585938e+00,5.936723709106445312e+00
7.308010253906250000e+02,5.858871936798095703e+00,5.936814308166503906e+00
7.313610229492187500e+02,5.859128475189208984e+00,5.936798095703125000e+00
7.319110107421875000e+02,5.859023094177246094e+00,5.936762332916259766e+00
7.324710083007812500e+02,5.859010219573974609e+00,5.936847209930419922e+00
7.330310058593750000e+02,5.859021663665771484e+00,5.936820507049560547e+00
7.335910034179687500e+02,5.859073638916015625e+00,5.936894893646240234e+00
7.341510009765625000e+02,5.859086036682128906e+00,5.936877250671386719e+00
7.347210083007812500e+02,5.859054088592529297e+00,5.936914443969726562e+00
7.352910156250000000e+02,5.859103679656982422e+00,5.936802387237548828e+00
7.358410034179687500e+02,5.858976840972900391e+00,5.936824798583984375e+00
7.363909912109375000e+02,5.859112739562988281e+00,5.936788558959960938e+00
7.369509887695312500e+02,5.859159946441650391e+00,5.936770915985107422e+00
7.375159912109375000e+02,5.859175205230712891e+00,5.936782836914062500e+00
7.380809936523437500e+02,5.858974456787109375e+00,5.936964511871337891e+00
7.386409912109375000e+02,5.859087944030761719e+00,5.936847209930419922e+00
7.391959838867187500e+02,5.859122276306152344e+00,5.936811923980712891e+00
7.397509765625000000e+02,5.859087944030761719e+00,5.936831951141357422e+00
7.403159790039062500e+02,5.859101295471191406e+00,5.936802864074707031e+00
7.408809814453125000e+02,5.859059810638427734e+00,5.936909675598144531e+00
7.414359741210937500e+02,5.859085559844970703e+00,5.936785221099853516e+00
7.419959716796875000e+02,5.859017372131347656e+00,5.936953544616699219e+00
7.425609741210937500e+02,5.859071254730224609e+00,5.936845302581787109e+00
7.431209716796875000e+02,5.859043121337890625e+00,5.936879158020019531e+00
7.436810302734375000e+02,5.858907699584960938e+00,5.936887264251708984e+00
7.442410278320312500e+02,5.859098434448242188e+00,5.936939239501953125e+00
7.448010253906250000e+02,5.859035968780517578e+00,5.936703681945800781e+00
7.453610229492187500e+02,5.859062194824218750e+00,5.936849594116210938e+00
7.459210205078125000e+02,5.859136581420898438e+00,5.936908721923828125e+00
7.464810180664062500e+02,5.859106063842773438e+00,5.936738014221191406e+00
7.470410156250000000e+02,5.859119892120361328e+00,5.936835765838623047e+00
7.476010131835937500e+02,5.859116554260253906e+00,5.936919689178466797e+00
7.481610107421875000e+02,5.859072685241699219e+00,5.936704635620117188e+00
7.487210083007812500e+02,5.859122276306152344e+00,5.937000751495361328e+00
7.492810058593750000e+02,5.859098911285400391e+00,5.936737537384033203e+00
7.498410034179687500e+02,5.859007835388183594e+00,5.936947822570800781e+00
7.504010009765625000e+02,5.859085559844970703e+00,5.936896800994873047e+00
7.509609985351562500e+02,5.859153270721435547e+00,5.936894893646240234e+00
7.515209960937500000e+02,5.859101295471191406e+00,5.936805248260498047e+00
7.520809936523437500e+02,5.858913421630859375e+00,5.936900615692138672e+00
7.526409912109375000e+02,5.859152793884277344e+00,5.936824798583984375e+00
7.532009887695312500e+02,5.859157562255859375e+00,5.936930179595947266e+00
7.537609863281250000e+02,5.859140872955322266e+00,5.936789512634277344e+00
7.543209838867187500e+02,5.859133243560791016e+00,5.936854839324951172e+00
7.548759765625000000e+02,5.859182357788085938e+00,5.936781406402587891e+00
7.554310302734375000e+02,5.859094142913818359e+00,5.936741352081298828e+00
7.559910278320312500e+02,5.858937263488769531e+00,5.936912536621093750e+00
7.565510253906250000e+02,5.858934402465820312e+00,5.936946868896484375e+00
7.571110229492187500e+02,5.859129428863525391e+00,5.936728000640869141e+00
7.576710205078125000e+02,5.859097480773925781e+00,5.936772823333740234e+00
7.582310180664062500e+02,5.859128475189208984e+00,5.936779975891113281e+00
7.587910156250000000e+02,5.858956813812255859e+00,5.936940670013427734e+00
7.593510131835937500e+02,5.859006881713867188e+00,5.936795711517333984e+00
7.599110107421875000e+02,5.858942985534667969e+00,5.936824798583984375e+00
7.604710083007812500e+02,5.859133243560791016e+00,5.936852455139160156e+00
7.610310058593750000e+02,5.859030246734619141e+00,5.936732769012451172e+00
7.615910034179687500e+02,5.859037399291992188e+00,5.936718940734863281e+00
7.621510009765625000e+02,5.859114170074462891e+00,5.936834335327148438e+00
7.627109985351562500e+02,5.858954429626464844e+00,5.936806201934814453e+00
7.632709960937500000e+02,5.859127044677734375e+00,5.936727046966552734e+00
7.638309936523437500e+02,5.859105587005615234e+00,5.936840057373046875e+00
7.643909912109375000e+02,5.859245300292968750e+00,5.936693668365478516e+00
7.649509887695312500e+02,5.859018802642822266e+00,5.936789512634277344e+00
7.655209960937500000e+02,5.859085559844970703e+00,5.936760425567626953e+00
7.660809936523437500e+02,5.858999729156494141e+00,5.936764717102050781e+00
7.666309814453125000e+02,5.859015941619873047e+00,5.936784744262695312e+00
7.671959838867187500e+02,5.859192848205566406e+00,5.936638355255126953e+00
7.677609863281250000e+02,5.859098434448242188e+00,5.936933517456054688e+00
7.683209838867187500e+02,5.858977317810058594e+00,5.936935901641845703e+00
7.688809814453125000e+02,5.858857631683349609e+00,5.936855792999267578e+00
7.694409790039062500e+02,5.858969211578369141e+00,5.936785221099853516e+00
7.700009765625000000e+02,5.858923912048339844e+00,5.936663627624511719e+00
7.705609741210937500e+02,5.859065532684326172e+00,5.936849594116210938e+00
7.711209716796875000e+02,5.858959674835205078e+00,5.936944484710693359e+00
7.716810302734375000e+02,5.859077453613281250e+00,5.936638832092285156e+00
7.722410278320312500e+02,5.859221458435058594e+00,5.936667919158935547e+00
7.728010253906250000e+02,5.858967781066894531e+00,5.936704635620117188e+00
7.733610229492187500e+02,5.859044551849365234e+00,5.936552524566650391e+00
7.739210205078125000e+02,5.858998298645019531e+00,5.936732769012451172e+00
7.744810180664062500e+02,5.858979701995849609e+00,5.936770915985107422e+00
7.750410156250000000e+02,5.858982086181640625e+00,5.936790466308593750e+00
7.756010131835937500e+02,5.858951091766357422e+00,5.936868667602539062e+00
7.761610107421875000e+02,5.858972072601318359e+00,5.936789512634277344e+00
7.767210083007812500e+02,5.858909606933593750e+00,5.936788558959960938e+00
7.772810058593750000e+02,5.858950138092041016e+00,5.936843872070312500e+00
7.778410034179687500e+02,5.858999252319335938e+00,5.936774253845214844e+00
7.784010009765625000e+02,5.858954906463623047e+00,5.936704635620117188e+00
7.789609985351562500e+02,5.858956813812255859e+00,5.936784744262695312e+00
7.795209960937500000e+02,5.859092712402343750e+00,5.936740875244140625e+00
7.800809936523437500e+02,5.859113216400146484e+00,5.936656475067138672e+00
7.806409912109375000e+02,5.858909606933593750e+00,5.936715126037597656e+00
7.812009887695312500e+02,5.859036445617675781e+00,5.936736583709716797e+00
7.817609863281250000e+02,5.859010219573974609e+00,5.936599731445312500e+00
7.823209838867187500e+02,5.859086036682128906e+00,5.936723232269287109e+00
7.828809814453125000e+02,5.858997344970703125e+00,5.936710357666015625e+00
7.834409790039062500e+02,5.859031677246093750e+00,5.936568737030029297e+00
7.840009765625000000e+02,5.859004020690917969e+00,5.936570167541503906e+00
7.845609741210937500e+02,5.858992576599121094e+00,5.936624050140380859e+00
7.851209716796875000e+02,5.858830928802490234e+00,5.936755657196044922e+00
7.856760253906250000e+02,5.858813285827636719e+00,5.936776638031005859e+00
7.862310180664062500e+02,5.859055995941162109e+00,5.936604499816894531e+00
7.867910156250000000e+02,5.858987808227539062e+00,5.936800479888916016e+00
7.873510131835937500e+02,5.859006881713867188e+00,5.936679840087890625e+00
7.879110107421875000e+02,5.858899116516113281e+00,5.936742305755615234e+00
7.884710083007812500e+02,5.858903884887695312e+00,5.936686992645263672e+00
7.890310058593750000e+02,5.859068870544433594e+00,5.936530113220214844e+00
7.895910034179687500e+02,5.858780860900878906e+00,5.936649322509765625e+00
7.901510009765625000e+02,5.858913421630859375e+00,5.936728477478027344e+00
7.907109985351562500e+02,5.858808040618896484e+00,5.936594963073730469e+00
7.912709960937500000e+02,5.858925342559814453e+00,5.936652660369873047e+00
7.918309936523437500e+02,5.858956813812255859e+00,5.936625480651855469e+00
7.923909912109375000e+02,5.858804702758789062e+00,5.936738014221191406e+00
7.929509887695312500e+02,5.858824729919433594e+00,5.936670303344726562e+00
7.935109863281250000e+02,5.858937263488769531e+00,5.936692714691162109e+00
7.940709838867187500e+02,5.858900547027587891e+00,5.936651229858398438e+00
7.946409912109375000e+02,5.858780860900878906e+00,5.936579227447509766e+00
7.952109985351562500e+02,5.858906269073486328e+00,5.936528682708740234e+00
7.957709960937500000e+02,5.858904838562011719e+00,5.936484813690185547e+00
7.963309936523437500e+02,5.858792781829833984e+00,5.936542034149169922e+00
7.968809814453125000e+02,5.858906269073486328e+00,5.936415195465087891e+00
7.974310302734375000e+02,5.858897209167480469e+00,5.936584472656250000e+00
7.979910278320312500e+02,5.858787059783935547e+00,5.936582088470458984e+00
7.985510253906250000e+02,5.858692646026611328e+00,5.936570167541503906e+00
7.991160278320312500e+02,5.858859062194824219e+00,5.936535835266113281e+00
7.996810302734375000e+02,5.858795166015625000e+00,5.936563968658447266e+00
8.002410278320312500e+02,5.858729362487792969e+00,5.936509609222412109e+00
8.008010253906250000e+02,5.858872413635253906e+00,5.936472415924072266e+00
8.013610229492187500e+02,5.858748435974121094e+00,5.936555862426757812e+00
8.019210205078125000e+02,5.858899116516113281e+00,5.936557292938232422e+00
8.024810180664062500e+02,5.858766078948974609e+00,5.936431884765625000e+00
8.030410156250000000e+02,5.858758926391601562e+00,5.936613559722900391e+00
8.036010131835937500e+02,5.858798027038574219e+00,5.936439990997314453e+00
8.041610107421875000e+02,5.858829498291015625e+00,5.936352729797363281e+00
8.047210083007812500e+02,5.859067916870117188e+00,5.936159133911132812e+00
8.052810058593750000e+02,5.858884811401367188e+00,5.936358928680419922e+00
8.058410034179687500e+02,5.858630180358886719e+00,5.936348438262939453e+00
8.064010009765625000e+02,5.858656406402587891e+00,5.936605453491210938e+00
8.069609985351562500e+02,5.858737468719482422e+00,5.936457633972167969e+00
8.075209960937500000e+02,5.858695983886718750e+00,5.936372756958007812e+00
8.080809936523437500e+02,5.858357429504394531e+00,5.936334133148193359e+00
8.086409912109375000e+02,5.858744621276855469e+00,5.936358451843261719e+00
8.092009887695312500e+02,5.858683109283447266e+00,5.936353206634521484e+00
8.097609863281250000e+02,5.858659744262695312e+00,5.936382293701171875e+00
8.103209838867187500e+02,5.858692646026611328e+00,5.936306476593017578e+00
8.108809814453125000e+02,5.858814239501953125e+00,5.936346054077148438e+00
8.114409790039062500e+02,5.858510971069335938e+00,5.936378955841064453e+00
8.120009765625000000e+02,5.858640670776367188e+00,5.936321258544921875e+00
8.125609741210937500e+02,5.858788013458251953e+00,5.936117649078369141e+00
8.131209716796875000e+02,5.858586311340332031e+00,5.936312675476074219e+00
8.136810302734375000e+02,5.858756065368652344e+00,5.936280727386474609e+00
8.142410278320312500e+02,5.858524799346923828e+00,5.936155796051025391e+00
8.148010253906250000e+02,5.858520030975341797e+00,5.936292648315429688e+00
8.153610229492187500e+02,5.858618259429931641e+00,5.936323165893554688e+00
8.159210205078125000e+02,5.858704566955566406e+00,5.936187744140625000e+00
8.164760131835937500e+02,5.858437538146972656e+00,5.936224460601806641e+00
8.170310058593750000e+02,5.858449459075927734e+00,5.936224460601806641e+00
8.175910034179687500e+02,5.858635902404785156e+00,5.936222076416015625e+00
8.181510009765625000e+02,5.858606815338134766e+00,5.936178207397460938e+00
8.187109985351562500e+02,5.858481407165527344e+00,5.936156749725341797e+00
8.192709960937500000e+02,5.858579635620117188e+00,5.936101436614990234e+00
8.198309936523437500e+02,5.858631134033203125e+00,5.936050415039062500e+00
8.203909912109375000e+02,5.858629226684570312e+00,5.936108589172363281e+00
8.209509887695312500e+02,5.858681201934814453e+00,5.936091899871826172e+00
8.215109863281250000e+02,5.858520030975341797e+00,5.936076641082763672e+00
8.220709838867187500e+02,5.858609676361083984e+00,5.936120510101318359e+00
8.226309814453125000e+02,5.858463764190673828e+00,5.936112403869628906e+00
8.231909790039062500e+02,5.858480453491210938e+00,5.936104774475097656e+00
8.237509765625000000e+02,5.858507156372070312e+00,5.936183929443359375e+00
8.243209838867187500e+02,5.858383178710937500e+00,5.936121463775634766e+00
8.248909912109375000e+02,5.858256816864013672e+00,5.936115264892578125e+00
8.254509887695312500e+02,5.858429431915283203e+00,5.936181545257568359e+00
8.260109863281250000e+02,5.858526229858398438e+00,5.936008453369140625e+00
8.265709838867187500e+02,5.858403205871582031e+00,5.936162948608398438e+00
8.271309814453125000e+02,5.858606815338134766e+00,5.935936450958251953e+00
8.276859741210937500e+02,5.858189582824707031e+00,5.936110973358154297e+00
8.282410278320312500e+02,5.858386039733886719e+00,5.935837268829345703e+00
8.288010253906250000e+02,5.858466148376464844e+00,5.935966014862060547e+00
8.293610229492187500e+02,5.858292579650878906e+00,5.935899257659912109e+00
8.299210205078125000e+02,5.858446121215820312e+00,5.935895919799804688e+00
8.304810180664062500e+02,5.858515262603759766e+00,5.935853481292724609e+00
8.310410156250000000e+02,5.858351707458496094e+00,5.935948848724365234e+00
8.315960083007812500e+02,5.858576774597167969e+00,5.935650825500488281e+00
8.321560058593750000e+02,5.858406066894531250e+00,5.935798168182373047e+00
8.327210083007812500e+02,5.858419895172119141e+00,5.935841560363769531e+00
8.332810058593750000e+02,5.858501434326171875e+00,5.935853481292724609e+00
8.338410034179687500e+02,5.858367919921875000e+00,5.935804843902587891e+00
8.344010009765625000e+02,5.858259677886962891e+00,5.935889244079589844e+00
8.349609985351562500e+02,5.858299732208251953e+00,5.935695171356201172e+00
8.355209960937500000e+02,5.858438014984130859e+00,5.935670852661132812e+00
8.360809936523437500e+02,5.858228683471679688e+00,5.935668468475341797e+00
8.366409912109375000e+02,5.858242988586425781e+00,5.935865402221679688e+00
8.372009887695312500e+02,5.858378887176513672e+00,5.935747146606445312e+00
8.377609863281250000e+02,5.858267784118652344e+00,5.935720443725585938e+00
8.383209838867187500e+02,5.858338832855224609e+00,5.935735225677490234e+00
8.388809814453125000e+02,5.858370304107666016e+00,5.935683727264404297e+00
8.394409790039062500e+02,5.858394145965576172e+00,5.935753345489501953e+00
8.400009765625000000e+02,5.858227729797363281e+00,5.935771942138671875e+00
8.405609741210937500e+02,5.858183860778808594e+00,5.935720443725585938e+00
8.411209716796875000e+02,5.858108520507812500e+00,5.935624599456787109e+00
8.416810302734375000e+02,5.858305454254150391e+00,5.935667037963867188e+00
8.422410278320312500e+02,5.858252048492431641e+00,5.935643196105957031e+00
8.428010253906250000e+02,5.858134269714355469e+00,5.935715198516845703e+00
8.433610229492187500e+02,5.858128547668457031e+00,5.935648441314697266e+00
8.439210205078125000e+02,5.858258247375488281e+00,5.935701370239257812e+00
8.444810180664062500e+02,5.858286380767822266e+00,5.935658931732177734e+00
8.450410156250000000e+02,5.858209609985351562e+00,5.935517311096191406e+00
8.456010131835937500e+02,5.858256816864013672e+00,5.935456752777099609e+00
8.461610107421875000e+02,5.858235836029052734e+00,5.935702323913574219e+00
8.467210083007812500e+02,5.858330249786376953e+00,5.935542106628417969e+00
8.472760009765625000e+02,5.858288764953613281e+00,5.935674190521240234e+00
8.478309936523437500e+02,5.858090400695800781e+00,5.935698986053466797e+00
8.483909912109375000e+02,5.858298301696777344e+00,5.935858249664306641e+00
8.489509887695312500e+02,5.858315944671630859e+00,5.935611248016357422e+00
8.495109863281250000e+02,5.858283996582031250e+00,5.935652732849121094e+00
8.500709838867187500e+02,5.858206272125244141e+00,5.935655117034912109e+00
8.506309814453125000e+02,5.858274459838867188e+00,5.935823917388916016e+00
8.511909790039062500e+02,5.858367919921875000e+00,5.935614109039306641e+00
8.517509765625000000e+02,5.858424663543701172e+00,5.935712814331054688e+00
8.523109741210937500e+02,5.858053207397460938e+00,5.935918807983398438e+00
8.528709716796875000e+02,5.858328819274902344e+00,5.935661315917968750e+00
8.534310302734375000e+02,5.858228683471679688e+00,5.935681343078613281e+00
8.539910278320312500e+02,5.858197212219238281e+00,5.935842037200927734e+00
8.545510253906250000e+02,5.858418941497802734e+00,5.935730934143066406e+00
8.551209716796875000e+02,5.858366966247558594e+00,5.935740470886230469e+00
8.556909790039062500e+02,5.858396530151367188e+00,5.935631275177001953e+00
8.562410278320312500e+02,5.858283042907714844e+00,5.935824871063232422e+00
8.567910156250000000e+02,5.858390331268310547e+00,5.935683727264404297e+00
8.573610229492187500e+02,5.858338832855224609e+00,5.935720443725585938e+00
8.579310302734375000e+02,5.858306884765625000e+00,5.935835838317871094e+00
8.584860229492187500e+02,5.858311653137207031e+00,5.935884475708007812e+00
8.590410156250000000e+02,5.858410358428955078e+00,5.935838222503662109e+00
8.596010131835937500e+02,5.858525276184082031e+00,5.935756683349609375e+00
8.601610107421875000e+02,5.858424663543701172e+00,5.935827255249023438e+00
8.607210083007812500e+02,5.858483791351318359e+00,5.935947895050048828e+00
8.612810058593750000e+02,5.858384609222412109e+00,5.935891151428222656e+00
8.618410034179687500e+02,5.858381271362304688e+00,5.935826301574707031e+00
8.624010009765625000e+02,5.858195781707763672e+00,5.935975074768066406e+00
8.629609985351562500e+02,5.858383655548095703e+00,5.935977458953857422e+00
8.635209960937500000e+02,5.858414173126220703e+00,5.936026096343994141e+00
8.640809936523437500e+02,5.858584403991699219e+00,5.935881614685058594e+00
8.646409912109375000e+02,5.858510017395019531e+00,5.936010360717773438e+00
8.652009887695312500e+02,5.858440876007080078e+00,5.935904502868652344e+00
8.657609863281250000e+02,5.858428001403808594e+00,5.936076641082763672e+00
8.663209838867187500e+02,5.858423709869384766e+00,5.936142921447753906e+00
8.668809814453125000e+02,5.858453273773193359e+00,5.936034202575683594e+00
8.674409790039062500e+02,5.858449459075927734e+00,5.936068058013916016e+00
8.680009765625000000e+02,5.858410835266113281e+00,5.935949325561523438e+00
8.685609741210937500e+02,5.858562946319580078e+00,5.936103820800781250e+00
8.691209716796875000e+02,5.858538150787353516e+00,5.936006069183349609e+00
8.696810302734375000e+02,5.858771800994873047e+00,5.935937404632568359e+00
8.702410278320312500e+02,5.858423709869384766e+00,5.936148643493652344e+00
8.708010253906250000e+02,5.858493328094482422e+00,5.936229228973388672e+00
8.713610229492187500e+02,5.858496665954589844e+00,5.936010837554931641e+00
8.719210205078125000e+02,5.858527660369873047e+00,5.936284542083740234e+00
8.724810180664062500e+02,5.858773231506347656e+00,5.936134815216064453e+00
8.730410156250000000e+02,5.858722209930419922e+00,5.936037540435791016e+00
8.736010131835937500e+02,5.858698844909667969e+00,5.936094284057617188e+00
8.741610107421875000e+02,5.858872413635253906e+00,5.935982227325439453e+00
8.747210083007812500e+02,5.858486175537109375e+00,5.936331748962402344e+00
8.752810058593750000e+02,5.858619689941406250e+00,5.936219215393066406e+00
8.758410034179687500e+02,5.858570098876953125e+00,5.936259746551513672e+00
8.764060058593750000e+02,5.858678340911865234e+00,5.936206817626953125e+00
8.769660034179687500e+02,5.858646392822265625e+00,5.936333656311035156e+00
8.775159912109375000e+02,5.858699798583984375e+00,5.936200618743896484e+00
8.780709838867187500e+02,5.858654022216796875e+00,5.936202049255371094e+00
8.786309814453125000e+02,5.858654975891113281e+00,5.936279773712158203e+00
8.791909790039062500e+02,5.858626842498779297e+00,5.936311244964599609e+00
8.797509765625000000e+02,5.858723163604736328e+00,5.936333656311035156e+00
8.803109741210937500e+02,5.858569622039794922e+00,5.936430931091308594e+00
8.808709716796875000e+02,5.858740806579589844e+00,5.936388492584228516e+00
8.814310302734375000e+02,5.858773231506347656e+00,5.936455726623535156e+00
8.819910278320312500e+02,5.858932495117187500e+00,5.936290264129638672e+00
8.825510253906250000e+02,5.858729362487792969e+00,5.936534881591796875e+00
8.831209716796875000e+02,5.858822822570800781e+00,5.936369419097900391e+00
8.836909790039062500e+02,5.858860015869140625e+00,5.936428546905517578e+00
8.842509765625000000e+02,5.858812808990478516e+00,5.936459064483642578e+00
8.848109741210937500e+02,5.858888626098632812e+00,5.936377525329589844e+00
8.853610229492187500e+02,5.858815193176269531e+00,5.936525344848632812e+00
8.859210205078125000e+02,5.858866214752197266e+00,5.936484813690185547e+00
8.864910278320312500e+02,5.858827114105224609e+00,5.936358451843261719e+00
8.870510253906250000e+02,5.858919620513916016e+00,5.936422824859619141e+00
8.876010131835937500e+02,5.858756065368652344e+00,5.936631679534912109e+00
8.881510009765625000e+02,5.858944416046142578e+00,5.936467170715332031e+00
8.887210083007812500e+02,5.858841419219970703e+00,5.936621665954589844e+00
8.892860107421875000e+02,5.858855247497558594e+00,5.936499118804931641e+00
8.898410034179687500e+02,5.858921527862548828e+00,5.936613559722900391e+00
8.904010009765625000e+02,5.858880043029785156e+00,5.936577320098876953e+00
8.909609985351562500e+02,5.858922958374023438e+00,5.936380863189697266e+00
8.915209960937500000e+02,5.858768463134765625e+00,5.936582088470458984e+00
8.920809936523437500e+02,5.858919620513916016e+00,5.936612606048583984e+00
8.926409912109375000e+02,5.858916759490966797e+00,5.936671257019042969e+00
8.932009887695312500e+02,5.858983039855957031e+00,5.936586856842041016e+00
8.937609863281250000e+02,5.858882427215576172e+00,5.936691761016845703e+00
8.943209838867187500e+02,5.858797550201416016e+00,5.936683177947998047e+00
8.948809814453125000e+02,5.858975887298583984e+00,5.936784744262695312e+00
8.954409790039062500e+02,5.859135627746582031e+00,5.936575889587402344e+00
8.960009765625000000e+02,5.858948707580566406e+00,5.936669349670410156e+00
8.965609741210937500e+02,5.859006404876708984e+00,5.936768531799316406e+00
8.971209716796875000e+02,5.858953475952148438e+00,5.936738014221191406e+00
8.976810302734375000e+02,5.858974933624267578e+00,5.936730384826660156e+00
8.982410278320312500e+02,5.858994007110595703e+00,5.936775207519531250e+00
8.988010253906250000e+02,5.858961582183837891e+00,5.936803817749023438e+00
8.993610229492187500e+02,5.859011650085449219e+00,5.936712741851806641e+00
8.999210205078125000e+02,5.859058856964111328e+00,5.936806201934814453e+00
9.004810180664062500e+02,5.859028816223144531e+00,5.936741352081298828e+00
9.010410156250000000e+02,5.859173297882080078e+00,5.936583995819091797e+00
9.016010131835937500e+02,5.859066009521484375e+00,5.936839103698730469e+00
9.021610107421875000e+02,5.859036445617675781e+00,5.936864852905273438e+00
9.027210083007812500e+02,5.859200000762939453e+00,5.936886310577392578e+00
9.032810058593750000e+02,5.859043121337890625e+00,5.936917304992675781e+00
9.038410034179687500e+02,5.859039783477783203e+00,5.936786174774169922e+00
9.044010009765625000e+02,5.859195232391357422e+00,5.936734199523925781e+00
9.049609985351562500e+02,5.859162807464599609e+00,5.936927795410156250e+00
9.055209960937500000e+02,5.859217643737792969e+00,5.936808586120605469e+00
9.060809936523437500e+02,5.859062194824218750e+00,5.936923980712890625e+00
9.066409912109375000e+02,5.859175205230712891e+00,5.936815738677978516e+00
9.072009887695312500e+02,5.859302997589111328e+00,5.936832427978515625e+00
9.077609863281250000e+02,5.859137535095214844e+00,5.936886310577392578e+00
9.083209838867187500e+02,5.859241485595703125e+00,5.936787605285644531e+00
9.088759765625000000e+02,5.859052658081054688e+00,5.936967849731445312e+00
9.094310302734375000e+02,5.859174251556396484e+00,5.936879634857177734e+00
9.099910278320312500e+02,5.859325408935546875e+00,5.936885356903076172e+00
9.105510253906250000e+02,5.859173297882080078e+00,5.936846256256103516e+00
9.111110229492187500e+02,5.859221458435058594e+00,5.936884403228759766e+00
9.116810302734375000e+02,5.859129428863525391e+00,5.936975002288818359e+00
9.122410278320312500e+02,5.859339714050292969e+00,5.937033653259277344e+00
9.127910156250000000e+02,5.859158992767333984e+00,5.937072753906250000e+00
9.133510131835937500e+02,5.859127998352050781e+00,5.937087059020996094e+00
9.139210205078125000e+02,5.859207153320312500e+00,5.937160015106201172e+00
9.144810180664062500e+02,5.859222412109375000e+00,5.937127113342285156e+00
9.150410156250000000e+02,5.859239101409912109e+00,5.936946868896484375e+00
9.156110229492187500e+02,5.859233379364013672e+00,5.937028408050537109e+00
9.161610107421875000e+02,5.859260559082031250e+00,5.936991691589355469e+00
9.167210083007812500e+02,5.859249591827392578e+00,5.937081336975097656e+00
9.172910156250000000e+02,5.859138965606689453e+00,5.937063694000244141e+00
9.178510131835937500e+02,5.859129428863525391e+00,5.937026023864746094e+00
9.184010009765625000e+02,5.859292507171630859e+00,5.936995029449462891e+00
9.189609985351562500e+02,5.859247207641601562e+00,5.937108516693115234e+00
9.195310058593750000e+02,5.859240055084228516e+00,5.936970233917236328e+00
9.200910034179687500e+02,5.859461307525634766e+00,5.936987876892089844e+00
9.206459960937500000e+02,5.859215736389160156e+00,5.937047958374023438e+00
9.212009887695312500e+02,5.859254837036132812e+00,5.937149524688720703e+00
9.217609863281250000e+02,5.859502315521240234e+00,5.937019824981689453e+00
9.223209838867187500e+02,5.859346866607666016e+00,5.936949253082275391e+00
9.228809814453125000e+02,5.859383106231689453e+00,5.937017440795898438e+00
9.234409790039062500e+02,5.859273433685302734e+00,5.937106132507324219e+00
9.240009765625000000e+02,5.859210014343261719e+00,5.936996459960937500e+00
9.245609741210937500e+02,5.859396457672119141e+00,5.937049388885498047e+00
9.251209716796875000e+02,5.859309673309326172e+00,5.937149524688720703e+00
9.256810302734375000e+02,5.859305381774902344e+00,5.937053203582763672e+00
9.262410278320312500e+02,5.859234333038330078e+00,5.937298297882080078e+00
9.268010253906250000e+02,5.859281539916992188e+00,5.937074184417724609e+00
9.273610229492187500e+02,5.859316825866699219e+00,5.937182426452636719e+00
9.279210205078125000e+02,5.859395980834960938e+00,5.937079906463623047e+00
9.284810180664062500e+02,5.859362125396728516e+00,5.937273502349853516e+00
9.290410156250000000e+02,5.859292030334472656e+00,5.936862945556640625e+00
9.296010131835937500e+02,5.859323978424072266e+00,5.937148571014404297e+00
9.301610107421875000e+02,5.859243869781494141e+00,5.937205314636230469e+00
9.307210083007812500e+02,5.859354972839355469e+00,5.937085628509521484e+00
9.312810058593750000e+02,5.859449386596679688e+00,5.937085628509521484e+00
9.318410034179687500e+02,5.859257221221923828e+00,5.937251091003417969e+00
9.324010009765625000e+02,5.859267711639404297e+00,5.937128543853759766e+00
9.329609985351562500e+02,5.859371185302734375e+00,5.937197208404541016e+00
9.335209960937500000e+02,5.859439849853515625e+00,5.937138080596923828e+00
9.340809936523437500e+02,5.859290122985839844e+00,5.937163829803466797e+00
9.346409912109375000e+02,5.859371662139892578e+00,5.937188625335693359e+00
9.352009887695312500e+02,5.859360694885253906e+00,5.937137603759765625e+00
9.357609863281250000e+02,5.859458446502685547e+00,5.937124729156494141e+00
9.363209838867187500e+02,5.859216690063476562e+00,5.937270164489746094e+00
9.368809814453125000e+02,5.859358310699462891e+00,5.937201499938964844e+00
9.374409790039062500e+02,5.859454154968261719e+00,5.937157630920410156e+00
9.380009765625000000e+02,5.859331130981445312e+00,5.937249660491943359e+00
9.385609741210937500e+02,5.859464645385742188e+00,5.937198162078857422e+00
9.391160278320312500e+02,5.859424591064453125e+00,5.937151908874511719e+00
9.396810302734375000e+02,5.859417438507080078e+00,5.937230110168457031e+00
9.402509765625000000e+02,5.859368801116943359e+00,5.937205314636230469e+00
9.408010253906250000e+02,5.859385490417480469e+00,5.937103748321533203e+00
9.413510131835937500e+02,5.859501361846923828e+00,5.937376499176025391e+00
9.419210205078125000e+02,5.859447002410888672e+00,5.937091827392578125e+00
9.424810180664062500e+02,5.859460830688476562e+00,5.937234878540039062e+00
9.430310058593750000e+02,5.859289646148681641e+00,5.937256813049316406e+00
9.435910034179687500e+02,5.859440803527832031e+00,5.937086105346679688e+00
9.441510009765625000e+02,5.859579086303710938e+00,5.937064647674560547e+00
9.447210083007812500e+02,5.859437465667724609e+00,5.937253475189208984e+00
9.452910156250000000e+02,5.859470844268798828e+00,5.937155246734619141e+00
9.458510131835937500e+02,5.859354019165039062e+00,5.937150955200195312e+00
9.464010009765625000e+02,5.859551906585693359e+00,5.937189579010009766e+00
9.469509887695312500e+02,5.859423637390136719e+00,5.937184810638427734e+00
9.475209960937500000e+02,5.859411239624023438e+00,5.937179088592529297e+00
9.480910034179687500e+02,5.859403133392333984e+00,5.937180519104003906e+00
9.486510009765625000e+02,5.859357357025146484e+00,5.937279224395751953e+00
9.492109985351562500e+02,5.859402179718017578e+00,5.937321662902832031e+00
9.497714843750000000e+02,5.859458923339843750e+00,5.937231063842773438e+00
9.503319702148437500e+02,5.859440803527832031e+00,5.937226295471191406e+00
9.508870239257812500e+02,5.859229564666748047e+00,5.937251091003417969e+00
9.514420166015625000e+02,5.859276771545410156e+00,5.937335968017578125e+00
9.520020141601562500e+02,5.859672546386718750e+00,5.937206268310546875e+00
9.525620117187500000e+02,5.859372615814208984e+00,5.937305450439453125e+00
9.531220092773437500e+02,5.859303951263427734e+00,5.937160015106201172e+00
9.536820068359375000e+02,5.859203815460205078e+00,5.937266349792480469e+00
9.542420043945312500e+02,5.859424591064453125e+00,5.937337398529052734e+00
9.548020019531250000e+02,5.859384536743164062e+00,5.937294006347656250e+00
9.553619995117187500e+02,5.859300613403320312e+00,5.937240600585937500e+00
9.559219970703125000e+02,5.859339237213134766e+00,5.937160015106201172e+00
9.564819946289062500e+02,5.859185218811035156e+00,5.937343120574951172e+00
9.570419921875000000e+02,5.859450340270996094e+00,5.937169551849365234e+00
9.576019897460937500e+02,5.859346866607666016e+00,5.937177658081054688e+00
9.581619873046875000e+02,5.859438896179199219e+00,5.937157630920410156e+00
9.587219848632812500e+02,5.859526157379150391e+00,5.937033653259277344e+00
9.592819824218750000e+02,5.859436511993408203e+00,5.937307834625244141e+00
9.598419799804687500e+02,5.859426021575927734e+00,5.937153339385986328e+00
9.604019775390625000e+02,5.859397411346435547e+00,5.937194347381591797e+00
9.609619750976562500e+02,5.859456062316894531e+00,5.937146186828613281e+00
9.615219726562500000e+02,5.859470367431640625e+00,5.937304019927978516e+00
9.620819702148437500e+02,5.859445571899414062e+00,5.937040805816650391e+00
9.626420288085937500e+02,5.859433650970458984e+00,5.937218189239501953e+00
9.632020263671875000e+02,5.859207630157470703e+00,5.937369346618652344e+00
9.637620239257812500e+02,5.859251022338867188e+00,5.937209606170654297e+00
9.643220214843750000e+02,5.859328746795654297e+00,5.937190055847167969e+00
9.648820190429687500e+02,5.859374046325683594e+00,5.937307834625244141e+00
9.654420166015625000e+02,5.859372615814208984e+00,5.937251091003417969e+00
9.660020141601562500e+02,5.859328746795654297e+00,5.937254905700683594e+00
9.665620117187500000e+02,5.859351158142089844e+00,5.937058448791503906e+00
9.671270141601562500e+02,5.859395027160644531e+00,5.937194347381591797e+00
9.676870117187500000e+02,5.859346389770507812e+00,5.937213420867919922e+00
9.682420043945312500e+02,5.859463214874267578e+00,5.937230110168457031e+00
9.688020019531250000e+02,5.859478473663330078e+00,5.937306880950927734e+00
9.693619995117187500e+02,5.859533309936523438e+00,5.937155246734619141e+00
9.699270019531250000e+02,5.859312057495117188e+00,5.937159061431884766e+00
9.704920043945312500e+02,5.859463691711425781e+00,5.937169551849365234e+00
9.710520019531250000e+02,5.859377384185791016e+00,5.937143802642822266e+00
9.716119995117187500e+02,5.859396457672119141e+00,5.937197208404541016e+00
9.721719970703125000e+02,5.859389305114746094e+00,5.937080860137939453e+00
9.727319946289062500e+02,5.859328746795654297e+00,5.937222003936767578e+00
9.732919921875000000e+02,5.859386444091796875e+00,5.937150955200195312e+00
9.738419799804687500e+02,5.859443187713623047e+00,5.937164783477783203e+00
9.744019775390625000e+02,5.859428405761718750e+00,5.937185287475585938e+00
9.749719848632812500e+02,5.859353542327880859e+00,5.937140464782714844e+00
9.755319824218750000e+02,5.859374046325683594e+00,5.937216758728027344e+00
9.760919799804687500e+02,5.859291076660156250e+00,5.937135219573974609e+00
9.766519775390625000e+02,5.859311103820800781e+00,5.937239170074462891e+00
9.772119750976562500e+02,5.859448432922363281e+00,5.937096595764160156e+00
9.777719726562500000e+02,5.859393596649169922e+00,5.937083244323730469e+00
9.783319702148437500e+02,5.859335899353027344e+00,5.937138080596923828e+00
9.788920288085937500e+02,5.859352588653564453e+00,5.937187194824218750e+00
9.794520263671875000e+02,5.859398365020751953e+00,5.937199115753173828e+00
9.800120239257812500e+02,5.859393596649169922e+00,5.937164783477783203e+00
9.805720214843750000e+02,5.859327793121337891e+00,5.937222957611083984e+00
9.811320190429687500e+02,5.859384059906005859e+00,5.937136650085449219e+00
9.816870117187500000e+02,5.859261512756347656e+00,5.937156677246093750e+00
9.822420043945312500e+02,5.859251022338867188e+00,5.937237262725830078e+00
9.828020019531250000e+02,5.859470367431640625e+00,5.936991214752197266e+00
9.833619995117187500e+02,5.859156608581542969e+00,5.936985492706298828e+00
9.839219970703125000e+02,5.859274387359619141e+00,5.937155246734619141e+00
9.844819946289062500e+02,5.859295845031738281e+00,5.937158107757568359e+00
9.850419921875000000e+02,5.859307765960693359e+00,5.937154293060302734e+00
9.856019897460937500e+02,5.859271049499511719e+00,5.936991691589355469e+00
9.861619873046875000e+02,5.859378814697265625e+00,5.937198162078857422e+00
9.867219848632812500e+02,5.859220504760742188e+00,5.937187671661376953e+00
9.872819824218750000e+02,5.859358310699462891e+00,5.937112808227539062e+00
9.878419799804687500e+02,5.859302997589111328e+00,5.937157630920410156e+00
9.884019775390625000e+02,5.859234809875488281e+00,5.937083721160888672e+00
9.889619750976562500e+02,5.859475612640380859e+00,5.936961650848388672e+00
9.895219726562500000e+02,5.859337329864501953e+00,5.936891078948974609e+00
9.900819702148437500e+02,5.859179973602294922e+00,5.937048435211181641e+00
9.906420288085937500e+02,5.859162330627441406e+00,5.937015056610107422e+00
9.912020263671875000e+02,5.859339714050292969e+00,5.937036514282226562e+00
9.917620239257812500e+02,5.859386920928955078e+00,5.937098979949951172e+00
9.923220214843750000e+02,5.859234809875488281e+00,5.937124729156494141e+00
9.928820190429687500e+02,5.859287261962890625e+00,5.936948776245117188e+00
9.934420166015625000e+02,5.859103202819824219e+00,5.937088489532470703e+00
9.940020141601562500e+02,5.859303951263427734e+00,5.937067985534667969e+00
9.945620117187500000e+02,5.859323978424072266e+00,5.936938285827636719e+00
9.951220092773437500e+02,5.859240531921386719e+00,5.936823844909667969e+00
9.956820068359375000e+02,5.859292030334472656e+00,5.937101364135742188e+00
9.962420043945312500e+02,5.859280586242675781e+00,5.936921596527099609e+00
9.968020019531250000e+02,5.859376430511474609e+00,5.936796665191650391e+00
9.973619995117187500e+02,5.859212875366210938e+00,5.936969280242919922e+00
9.979219970703125000e+02,5.859326839447021484e+00,5.936947822570800781e+00
9.984869995117187500e+02,5.859218120574951172e+00,5.936890125274658203e+00
9.990520019531250000e+02,5.859299659729003906e+00,5.937005519866943359e+00
9.996119995117187500e+02,5.859257221221923828e+00,5.936917304992675781e+00
1.000171997070312500e+03,5.859231948852539062e+00,5.936913490295410156e+00
1.000731994628906250e+03,5.859114170074462891e+00,5.937033653259277344e+00
1.001291992187500000e+03,5.859049320220947266e+00,5.937022209167480469e+00
1.001851989746093750e+03,5.859177589416503906e+00,5.936985492706298828e+00
1.002411987304687500e+03,5.859127044677734375e+00,5.937018871307373047e+00
1.002971984863281250e+03,5.859068870544433594e+00,5.937006950378417969e+00
1.003531982421875000e+03,5.859125614166259766e+00,5.936858177185058594e+00
1.004091979980468750e+03,5.859107971191406250e+00,5.936826229095458984e+00
1.004651977539062500e+03,5.859150886535644531e+00,5.936884403228759766e+00
1.005211975097656250e+03,5.859078407287597656e+00,5.936912536621093750e+00
1.005771972656250000e+03,5.859264850616455078e+00,5.936821460723876953e+00
1.006331970214843750e+03,5.859244823455810547e+00,5.936779975891113281e+00
1.006892028808593750e+03,5.859023094177246094e+00,5.936867713928222656e+00
1.007452026367187500e+03,5.859133243560791016e+00,5.936835765838623047e+00
1.008012023925781250e+03,5.859117507934570312e+00,5.936773300170898438e+00
1.008572021484375000e+03,5.859154224395751953e+00,5.936767101287841797e+00
1.009132019042968750e+03,5.859088420867919922e+00,5.936723709106445312e+00
1.009692016601562500e+03,5.858883857727050781e+00,5.936882972717285156e+00
1.010252014160156250e+03,5.859168052673339844e+00,5.936771869659423828e+00
1.010812011718750000e+03,5.859175682067871094e+00,5.936703681945800781e+00
1.011372009277343750e+03,5.858968734741210938e+00,5.936754226684570312e+00
1.011927001953125000e+03,5.859097480773925781e+00,5.936677455902099609e+00
1.012481994628906250e+03,5.858992576599121094e+00,5.936810016632080078e+00
1.013041992187500000e+03,5.859162807464599609e+00,5.936630249023437500e+00
1.013601989746093750e+03,5.859039783477783203e+00,5.936782360076904297e+00
1.014161987304687500e+03,5.859104633331298828e+00,5.936606884002685547e+00
1.014721984863281250e+03,5.858991146087646484e+00,5.936788558959960938e+00
1.015281982421875000e+03,5.858994960784912109e+00,5.936748027801513672e+00
1.015841979980468750e+03,5.858979225158691406e+00,5.936608791351318359e+00
1.016401977539062500e+03,5.858952522277832031e+00,5.936673641204833984e+00
1.016961975097656250e+03,5.858927249908447266e+00,5.936651229858398438e+00
1.017521972656250000e+03,5.858934879302978516e+00,5.936686038970947266e+00
1.018081970214843750e+03,5.858952045440673828e+00,5.936599731445312500e+00
1.018651977539062500e+03,5.859046459197998047e+00,5.936633586883544922e+00
1.019211975097656250e+03,5.858768463134765625e+00,5.936479091644287109e+00
1.019771972656250000e+03,5.858992576599121094e+00,5.936479091644287109e+00
1.020341979980468750e+03,5.858873367309570312e+00,5.936672687530517578e+00
1.020901977539062500e+03,5.858849525451660156e+00,5.936606407165527344e+00
1.021461975097656250e+03,5.858915805816650391e+00,5.936599254608154297e+00
1.022021972656250000e+03,5.858894348144531250e+00,5.936522006988525391e+00
1.022581970214843750e+03,5.858979225158691406e+00,5.936519622802734375e+00
1.023132019042968750e+03,5.858765602111816406e+00,5.936550140380859375e+00
1.023682006835937500e+03,5.858952045440673828e+00,5.936521530151367188e+00
1.024241943359375000e+03,5.858911037445068359e+00,5.936498165130615234e+00
1.024802001953125000e+03,5.858793258666992188e+00,5.936462402343750000e+00
1.025362060546875000e+03,5.858808517456054688e+00,5.936549663543701172e+00
1.025921997070312500e+03,5.858901500701904297e+00,5.936461448669433594e+00
1.026482055664062500e+03,5.858863830566406250e+00,5.936494350433349609e+00
1.027041992187500000e+03,5.858835220336914062e+00,5.936393260955810547e+00
1.027607055664062500e+03,5.858923912048339844e+00,5.936440467834472656e+00
1.028171997070312500e+03,5.858798980712890625e+00,5.936319828033447266e+00
1.028727050781250000e+03,5.858814239501953125e+00,5.936467170715332031e+00
1.029281982421875000e+03,5.858784675598144531e+00,5.936391830444335938e+00
1.029847045898437500e+03,5.858890056610107422e+00,5.936323642730712891e+00
1.030406982421875000e+03,5.858851909637451172e+00,5.936347961425781250e+00
1.030962036132812500e+03,5.858709335327148438e+00,5.936428070068359375e+00
1.031526977539062500e+03,5.858914375305175781e+00,5.936295032501220703e+00
1.032092041015625000e+03,5.858750820159912109e+00,5.936302185058593750e+00
1.032651977539062500e+03,5.858791828155517578e+00,5.936408042907714844e+00
1.033212036132812500e+03,5.859040737152099609e+00,5.936226844787597656e+00
1.033771972656250000e+03,5.858777523040771484e+00,5.936398983001708984e+00
1.034332031250000000e+03,5.858671188354492188e+00,5.936507701873779297e+00
1.034891967773437500e+03,5.858752727508544922e+00,5.936382293701171875e+00
1.035452026367187500e+03,5.858747005462646484e+00,5.936269283294677734e+00
1.036011962890625000e+03,5.858706951141357422e+00,5.936362266540527344e+00
1.036562011718750000e+03,5.858707904815673828e+00,5.936437606811523438e+00
1.037121948242187500e+03,5.858869552612304688e+00,5.936387062072753906e+00
1.037692016601562500e+03,5.858855724334716797e+00,5.936291217803955078e+00
1.038251953125000000e+03,5.858758449554443359e+00,5.936417579650878906e+00
1.038812011718750000e+03,5.858878135681152344e+00,5.936355113983154297e+00
1.039371948242187500e+03,5.858775138854980469e+00,5.936294078826904297e+00
1.039932006835937500e+03,5.858769416809082031e+00,5.936341285705566406e+00
1.040491943359375000e+03,5.858727931976318359e+00,5.936363220214843750e+00
1.041052001953125000e+03,5.858816623687744141e+00,5.936212062835693359e+00
1.041612060546875000e+03,5.858810901641845703e+00,5.936407089233398438e+00
1.042171997070312500e+03,5.858908653259277344e+00,5.936345577239990234e+00
1.042727050781250000e+03,5.858758449554443359e+00,5.936275959014892578e+00
1.043281982421875000e+03,5.858830451965332031e+00,5.936401367187500000e+00
1.043842041015625000e+03,5.858844757080078125e+00,5.936329364776611328e+00
1.044401977539062500e+03,5.858966350555419922e+00,5.936305522918701172e+00
1.044962036132812500e+03,5.858847141265869141e+00,5.936506271362304688e+00
1.045521972656250000e+03,5.858815670013427734e+00,5.936482429504394531e+00
1.046082031250000000e+03,5.858750343322753906e+00,5.936410903930664062e+00
1.046641967773437500e+03,5.858594894409179688e+00,5.936535835266113281e+00
1.047202026367187500e+03,5.858753204345703125e+00,5.936356067657470703e+00
1.047761962890625000e+03,5.858954906463623047e+00,5.936395645141601562e+00
1.048322021484375000e+03,5.858792781829833984e+00,5.936252593994140625e+00
1.048881958007812500e+03,5.858798027038574219e+00,5.936331272125244141e+00
1.049442016601562500e+03,5.858788013458251953e+00,5.936375617980957031e+00
1.050001953125000000e+03,5.858784675598144531e+00,5.936503887176513672e+00
1.050562011718750000e+03,5.858842372894287109e+00,5.936450004577636719e+00
1.051121948242187500e+03,5.858842849731445312e+00,5.936431884765625000e+00
1.051682006835937500e+03,5.858753204345703125e+00,5.936373233795166016e+00
1.052241943359375000e+03,5.858840465545654297e+00,5.936483860015869141e+00
1.052802001953125000e+03,5.858963966369628906e+00,5.936404705047607422e+00
1.053362060546875000e+03,5.858946323394775391e+00,5.936346054077148438e+00
1.053921997070312500e+03,5.858949661254882812e+00,5.936372756958007812e+00
1.054482055664062500e+03,5.858908653259277344e+00,5.936442852020263672e+00
1.055041992187500000e+03,5.859005451202392578e+00,5.936509609222412109e+00
1.055602050781250000e+03,5.858708858489990234e+00,5.936582088470458984e+00
1.056161987304687500e+03,5.858937263488769531e+00,5.936427116394042969e+00
1.056727050781250000e+03,5.858902931213378906e+00,5.936486244201660156e+00
1.057291992187500000e+03,5.858869552612304688e+00,5.936506271362304688e+00
1.057852050781250000e+03,5.858798980712890625e+00,5.936678886413574219e+00
1.058411987304687500e+03,5.858836650848388672e+00,5.936522960662841797e+00
1.058972045898437500e+03,5.858875751495361328e+00,5.936635971069335938e+00
1.059531982421875000e+03,5.858974933624267578e+00,5.936483860015869141e+00
1.060092041015625000e+03,5.859016418457031250e+00,5.936416625976562500e+00
1.060651977539062500e+03,5.858798980712890625e+00,5.936653614044189453e+00
1.061212036132812500e+03,5.858857631683349609e+00,5.936524868011474609e+00
1.061761962890625000e+03,5.858842372894287109e+00,5.936594963073730469e+00
1.062322021484375000e+03,5.858918190002441406e+00,5.936503887176513672e+00
1.062891967773437500e+03,5.858857631683349609e+00,5.936658382415771484e+00
1.063442016601562500e+03,5.858945369720458984e+00,5.936524868011474609e+00
1.063991943359375000e+03,5.858858108520507812e+00,5.936587810516357422e+00
1.064562011718750000e+03,5.858917236328125000e+00,5.936693668365478516e+00
1.065131958007812500e+03,5.859017372131347656e+00,5.936410427093505859e+00
1.065692016601562500e+03,5.858829498291015625e+00,5.936744689941406250e+00
1.066251953125000000e+03,5.858978271484375000e+00,5.936586856842041016e+00
1.066802001953125000e+03,5.858983993530273438e+00,5.936617374420166016e+00
1.067352050781250000e+03,5.858795166015625000e+00,5.936745643615722656e+00
1.067921997070312500e+03,5.859081268310546875e+00,5.936503887176513672e+00
1.068491943359375000e+03,5.859003067016601562e+00,5.936514377593994141e+00
1.069052001953125000e+03,5.859023094177246094e+00,5.936643123626708984e+00
1.069612060546875000e+03,5.859043121337890625e+00,5.936628818511962891e+00
1.070171997070312500e+03,5.858915805816650391e+00,5.936645507812500000e+00
1.070732055664062500e+03,5.859054088592529297e+00,5.936807632446289062e+00
1.071291992187500000e+03,5.859011173248291016e+00,5.936617374420166016e+00
1.071852050781250000e+03,5.859015941619873047e+00,5.936715126037597656e+00
1.072411987304687500e+03,5.859006881713867188e+00,5.936600685119628906e+00
1.072972045898437500e+03,5.859209537506103516e+00,5.936716556549072266e+00
1.073526977539062500e+03,5.858960628509521484e+00,5.936706066131591797e+00
1.074082031250000000e+03,5.859047889709472656e+00,5.936744689941406250e+00
1.074641967773437500e+03,5.858965396881103516e+00,5.936695098876953125e+00
1.075202026367187500e+03,5.858973503112792969e+00,5.936659812927246094e+00
1.075761962890625000e+03,5.859099864959716797e+00,5.936683654785156250e+00
1.076322021484375000e+03,5.858897209167480469e+00,5.936882972717285156e+00
1.076881958007812500e+03,5.859123706817626953e+00,5.936743736267089844e+00
1.077442016601562500e+03,5.859120845794677734e+00,5.936595916748046875e+00
1.078001953125000000e+03,5.859117507934570312e+00,5.936693668365478516e+00
1.078562011718750000e+03,5.858998298645019531e+00,5.936842918395996094e+00
1.079121948242187500e+03,5.859034061431884766e+00,5.936796665191650391e+00
1.079682006835937500e+03,5.859035968780517578e+00,5.936701297760009766e+00
1.080241943359375000e+03,5.859050273895263672e+00,5.936668872833251953e+00
1.080802001953125000e+03,5.859095096588134766e+00,5.936758995056152344e+00
1.081362060546875000e+03,5.859224796295166016e+00,5.936685562133789062e+00
1.081921997070312500e+03,5.859156608581542969e+00,5.936644077301025391e+00
1.082482055664062500e+03,5.859107017517089844e+00,5.936790466308593750e+00
1.083041992187500000e+03,5.859107971191406250e+00,5.936863899230957031e+00
1.083602050781250000e+03,5.858941555023193359e+00,5.936834812164306641e+00
1.084161987304687500e+03,5.859084606170654297e+00,5.936748504638671875e+00
1.084722045898437500e+03,5.859054088592529297e+00,5.936941623687744141e+00
1.085281982421875000e+03,5.859039783477783203e+00,5.936988830566406250e+00
1.085842041015625000e+03,5.859054088592529297e+00,5.936900615692138672e+00
1.086401977539062500e+03,5.859019756317138672e+00,5.936858177185058594e+00
1.086962036132812500e+03,5.859216690063476562e+00,5.936837673187255859e+00
1.087526977539062500e+03,5.859127998352050781e+00,5.936809539794921875e+00
1.088092041015625000e+03,5.859051227569580078e+00,5.936934471130371094e+00
1.088651977539062500e+03,5.859108448028564453e+00,5.936731815338134766e+00
1.089212036132812500e+03,5.859126091003417969e+00,5.936843872070312500e+00
1.089771972656250000e+03,5.859126091003417969e+00,5.936734199523925781e+00
1.090332031250000000e+03,5.859028816223144531e+00,5.936923027038574219e+00
1.090891967773437500e+03,5.859151840209960938e+00,5.936796665191650391e+00
1.091452026367187500e+03,5.859068870544433594e+00,5.936871051788330078e+00
1.092011962890625000e+03,5.859163761138916016e+00,5.936835765838623047e+00
1.092562011718750000e+03,5.859172821044921875e+00,5.936762809753417969e+00
1.093121948242187500e+03,5.859112739562988281e+00,5.936836719512939453e+00
1.093692016601562500e+03,5.859212875366210938e+00,5.936872482299804688e+00
1.094251953125000000e+03,5.859063625335693359e+00,5.936966419219970703e+00
1.094812011718750000e+03,5.859055042266845703e+00,5.936786174774169922e+00
1.095371948242187500e+03,5.859028816223144531e+00,5.936948776245117188e+00
1.095932006835937500e+03,5.859039783477783203e+00,5.936964511871337891e+00
1.096491943359375000e+03,5.859030246734619141e+00,5.936887264251708984e+00
1.097052001953125000e+03,5.859087944030761719e+00,5.936855792999267578e+00
1.097612060546875000e+03,5.859072685241699219e+00,5.936879158020019531e+00
1.098171997070312500e+03,5.859296798706054688e+00,5.936848640441894531e+00
1.098732055664062500e+03,5.859104633331298828e+00,5.936923980712890625e+00
1.099291992187500000e+03,5.859065532684326172e+00,5.936878204345703125e+00
1.099852050781250000e+03,5.859019756317138672e+00,5.936901569366455078e+00
1.100411987304687500e+03,5.859000682830810547e+00,5.937023162841796875e+00
1.100972045898437500e+03,5.859137535095214844e+00,5.936906337738037109e+00
1.101531982421875000e+03,5.859200000762939453e+00,5.936766147613525391e+00
1.102092041015625000e+03,5.859067916870117188e+00,5.936755180358886719e+00
1.102651977539062500e+03,5.859209537506103516e+00,5.936847686767578125e+00
1.103212036132812500e+03,5.859139919281005859e+00,5.936771869659423828e+00
1.103766967773437500e+03,5.859166145324707031e+00,5.936970233917236328e+00
1.104322021484375000e+03,5.859257221221923828e+00,5.936861515045166016e+00
1.104881958007812500e+03,5.859284877777099609e+00,5.936780452728271484e+00
1.105442016601562500e+03,5.859296798706054688e+00,5.936865329742431641e+00
1.106001953125000000e+03,5.859200000762939453e+00,5.936856746673583984e+00
1.106562011718750000e+03,5.859187126159667969e+00,5.936984539031982422e+00
1.107121948242187500e+03,5.859245300292968750e+00,5.937006473541259766e+00
1.107682006835937500e+03,5.859359741210937500e+00,5.936800479888916016e+00
1.108241943359375000e+03,5.859209537506103516e+00,5.936920642852783203e+00
1.108802001953125000e+03,5.858986854553222656e+00,5.936959266662597656e+00
1.109362060546875000e+03,5.859255790710449219e+00,5.936979770660400391e+00
